INT	INT	INT	INT	INT	INT
INT	INT	INT	INT	INT	INT
3001	3001	-1	-1	100000	0
3009	3009	-1	-1	100000	0
3011	3011	-1	-1	100000	0
3019	3019	-1	-1	100000	0
3021	3021	-1	-1	100000	0
3029	3029	-1	-1	100000	0
3031	3031	-1	-1	100000	0
3039	3039	-1	-1	100000	0
3041	3041	-1	-1	100000	0
3049	3049	-1	-1	100000	0
3051	3051	-1	-1	100000	0
3059	3059	-1	-1	100000	0
3061	3061	-1	-1	100000	0
3062	3062	-1	-1	100000	0
3069	3069	-1	-1	100000	0
3071	3071	-1	-1	100000	0
3072	3072	-1	-1	100000	0
3079	3079	-1	-1	100000	0
3081	3081	-1	-1	100000	0
3082	3082	-1	-1	100000	0
3089	3089	-1	-1	100000	0
3091	3091	-1	-1	100000	0
3092	3092	-1	-1	100000	0
3099	3099	-1	-1	100000	0
3101	3101	-1	-1	100000	0
3102	3102	-1	-1	100000	0
3109	3109	-1	-1	100000	0
3111	3111	-1	-1	100000	0
3112	3112	-1	-1	100000	0
3119	3119	-1	-1	100000	0
3121	3121	-1	-1	100000	0
3122	3122	-1	-1	100000	0
3129	3129	-1	-1	100000	0
3131	3131	-1	-1	500000	0
3132	3132	-1	-1	500000	0
3133	3133	-1	-1	500000	0
3139	3139	-1	-1	500000	0
3141	3141	-1	-1	500000	0
3142	3142	-1	-1	500000	0
3143	3143	-1	-1	500000	0
3149	3149	-1	-1	500000	0
3151	3151	-1	-1	500000	0
3152	3152	-1	-1	500000	0
3153	3153	-1	-1	500000	0
3159	3159	-1	-1	500000	0
3161	3161	-1	-1	500000	0
3162	3162	-1	-1	500000	0
3163	3163	-1	-1	500000	0
3169	3169	-1	-1	500000	0
3171	3171	-1	-1	600000	0
3172	3172	-1	-1	600000	0
3173	3173	-1	-1	600000	0
3174	3174	-1	-1	600000	0
3179	3179	-1	-1	600000	0
3181	3181	-1	-1	600000	0
3182	3182	-1	-1	600000	0
3183	3183	-1	-1	600000	0
3184	3184	-1	-1	600000	0
3189	3189	-1	-1	600000	0
3191	3191	-1	-1	600000	0
3192	3192	-1	-1	600000	0
3193	3193	-1	-1	600000	0
3194	3194	-1	-1	600000	0
3199	3199	-1	-1	600000	0
3201	3201	-1	-1	600000	0
3202	3202	-1	-1	600000	0
3203	3203	-1	-1	600000	0
3204	3204	-1	-1	600000	0
3209	3209	-1	-1	600000	0
3211	3211	-1	-1	700000	0
3212	3212	-1	-1	700000	0
3213	3213	-1	-1	700000	0
3214	3214	-1	-1	700000	0
3215	3215	-1	-1	700000	0
3219	3219	-1	-1	700000	0
3221	3221	-1	-1	700000	0
3222	3222	-1	-1	700000	0
3223	3223	-1	-1	700000	0
3224	3224	-1	-1	700000	0
3225	3225	-1	-1	700000	0
3229	3229	-1	-1	700000	0
3231	3231	-1	-1	700000	0
3232	3232	-1	-1	700000	0
3233	3233	-1	-1	700000	0
3234	3234	-1	-1	700000	0
3235	3235	-1	-1	700000	0
3239	3239	-1	-1	700000	0
3241	3241	-1	-1	700000	0
3242	3242	-1	-1	700000	0
3243	3243	-1	-1	700000	0
3244	3244	-1	-1	700000	0
3245	3245	-1	-1	700000	0
3249	3249	-1	-1	700000	0
3251	3251	-1	-1	800000	0
3252	3252	-1	-1	800000	0
3253	3253	-1	-1	800000	0
3254	3254	-1	-1	800000	0
3255	3255	-1	-1	800000	0
3256	3256	-1	-1	800000	0
3259	3259	-1	-1	800000	0
3261	3261	-1	-1	800000	0
3262	3262	-1	-1	800000	0
3263	3263	-1	-1	800000	0
3264	3264	-1	-1	800000	0
3265	3265	-1	-1	800000	0
3266	3266	-1	-1	800000	0
3269	3269	-1	-1	800000	0
3271	3271	-1	-1	800000	0
3272	3272	-1	-1	800000	0
3273	3273	-1	-1	800000	0
3274	3274	-1	-1	800000	0
3275	3275	-1	-1	800000	0
3276	3276	-1	-1	800000	0
3279	3279	-1	-1	800000	0
3281	3281	-1	-1	800000	0
3282	3282	-1	-1	800000	0
3283	3283	-1	-1	800000	0
3284	3284	-1	-1	800000	0
3285	3285	-1	-1	800000	0
3286	3286	-1	-1	800000	0
3289	3289	-1	-1	800000	0
3291	3291	25001	25002	990000	0
3292	3292	25001	25002	990000	0
3293	3293	25001	25002	990000	0
3294	3294	25001	25002	990000	0
3295	3295	25001	25002	990000	0
3296	3296	25001	25002	990000	0
3297	3297	25001	25002	990000	0
3299	3299	25001	25002	990000	0
3301	3301	25011	25012	990000	0
3302	3302	25011	25012	990000	0
3303	3303	25011	25012	990000	0
3304	3304	25011	25012	990000	0
3305	3305	25011	25012	990000	0
3306	3306	25011	25012	990000	0
3307	3307	25011	25012	990000	0
3309	3309	25011	25012	990000	0
3311	3311	25021	25022	990000	0
3312	3312	25021	25022	990000	0
3313	3313	25021	25022	990000	0
3314	3314	25021	25022	990000	0
3315	3315	25021	25022	990000	0
3316	3316	25021	25022	990000	0
3317	3317	25021	25022	990000	0
3319	3319	25021	25022	990000	0
3321	3321	25031	25032	990000	0
3322	3322	25031	25032	990000	0
3323	3323	25031	25032	990000	0
3324	3324	25031	25032	990000	0
3325	3325	25031	25032	990000	0
3326	3326	25031	25032	990000	0
3327	3327	25031	25032	990000	0
3329	3329	25031	25032	990000	0
3331	3331	25351	25352	990000	0
3332	3332	25351	25352	990000	0
3333	3333	25351	25352	990000	0
3334	3334	25351	25352	990000	0
3335	3335	25351	25352	990000	0
3336	3336	25351	25352	990000	0
3337	3337	25351	25352	990000	0
3338	3338	25351	25352	990000	0
3339	3339	25351	25352	990000	0
3341	3341	25361	25362	990000	0
3342	3342	25361	25362	990000	0
3343	3343	25361	25362	990000	0
3344	3344	25361	25362	990000	0
3345	3345	25361	25362	990000	0
3346	3346	25361	25362	990000	0
3347	3347	25361	25362	990000	0
3348	3348	25361	25362	990000	0
3349	3349	25361	25362	990000	0
3351	3351	-1	-1	300000	0
3352	3352	-1	-1	300000	0
3359	3359	-1	-1	300000	0
3361	3361	-1	-1	100000	0
3362	3362	-1	-1	100000	0
3369	3369	-1	-1	100000	0
3371	3371	-1	-1	100000	0
3372	3372	-1	-1	100000	0
3379	3379	-1	-1	100000	0
3381	3381	-1	-1	100000	0
3382	3382	-1	-1	100000	0
3389	3389	-1	-1	100000	0
3391	3391	-1	-1	100000	0
3392	3392	-1	-1	100000	0
3399	3399	-1	-1	100000	0
3401	3401	-1	-1	100000	0
3402	3402	-1	-1	100000	0
3409	3409	-1	-1	100000	0
3411	3411	-1	-1	100000	0
3412	3412	-1	-1	100000	0
3419	3419	-1	-1	100000	0
3421	3421	-1	-1	100000	0
3422	3422	-1	-1	100000	0
3429	3429	-1	-1	100000	0
3431	3431	-1	-1	800000	0
3432	3432	-1	-1	800000	0
3433	3433	-1	-1	800000	0
3434	3434	-1	-1	800000	0
3435	3435	-1	-1	800000	0
3436	3436	-1	-1	800000	0
3439	3439	-1	-1	800000	0
3441	3441	-1	-1	100000	0
3442	3442	-1	-1	100000	0
3449	3449	-1	-1	100000	0
3451	3451	-1	-1	100000	0
3459	3459	-1	-1	100000	0
3461	3461	-1	-1	100000	0
3469	3469	-1	-1	100000	0
3471	3471	-1	-1	800000	0
3472	3472	-1	-1	800000	0
3473	3473	-1	-1	800000	0
3474	3474	-1	-1	800000	0
3475	3475	-1	-1	800000	0
3476	3476	-1	-1	800000	0
3479	3479	-1	-1	800000	0
3481	3481	-1	-1	100000	0
3489	3489	-1	-1	100000	0
3491	3491	-1	-1	100000	0
3492	3492	-1	-1	100000	0
3499	3499	-1	-1	100000	0
4216	4216	-1	-1	400000	0
6001	6001	-1	-1	700000	0
6002	6002	-1	-1	700000	0
6003	6003	-1	-1	700000	0
6004	6004	-1	-1	700000	0
6005	6005	-1	-1	700000	0
6009	6009	-1	-1	700000	0
6011	6011	-1	-1	100000	0
6012	6012	-1	-1	100000	0
6019	6019	-1	-1	100000	0
6021	6021	-1	-1	500000	0
6022	6022	-1	-1	500000	0
6023	6023	-1	-1	500000	0
6029	6029	-1	-1	500000	0
6031	6031	-1	-1	600000	0
6032	6032	-1	-1	600000	0
6033	6033	-1	-1	600000	0
6034	6034	-1	-1	600000	0
6039	6039	-1	-1	600000	0
6041	6041	-1	-1	700000	0
6042	6042	-1	-1	700000	0
6043	6043	-1	-1	700000	0
6044	6044	-1	-1	700000	0
6045	6045	-1	-1	700000	0
6049	6049	-1	-1	700000	0
6051	6051	-1	-1	800000	0
6052	6052	-1	-1	800000	0
6053	6053	-1	-1	800000	0
6054	6054	-1	-1	800000	0
6055	6055	-1	-1	800000	0
6056	6056	-1	-1	800000	0
6059	6059	-1	-1	800000	0
6061	6061	-1	-1	100000	0
6062	6062	-1	-1	100000	0
6069	6069	-1	-1	100000	0
6071	6071	-1	-1	500000	0
6072	6072	-1	-1	500000	0
6073	6073	-1	-1	500000	0
6079	6079	-1	-1	500000	0
6081	6081	-1	-1	600000	0
6082	6082	-1	-1	600000	0
6083	6083	-1	-1	600000	0
6084	6084	-1	-1	600000	0
6089	6089	-1	-1	600000	0
6091	6091	-1	-1	700000	0
6092	6092	-1	-1	700000	0
6093	6093	-1	-1	700000	0
6094	6094	-1	-1	700000	0
6095	6095	-1	-1	700000	0
6099	6099	-1	-1	700000	0
6101	6101	-1	-1	800000	0
6102	6102	-1	-1	800000	0
6103	6103	-1	-1	800000	0
6104	6104	-1	-1	800000	0
6105	6105	-1	-1	800000	0
6106	6106	-1	-1	800000	0
6109	6109	-1	-1	800000	0
6111	6111	-1	-1	100000	0
6112	6112	-1	-1	100000	0
6119	6119	-1	-1	100000	0
6121	6121	-1	-1	500000	0
6122	6122	-1	-1	500000	0
6123	6123	-1	-1	500000	0
6129	6129	-1	-1	500000	0
6131	6131	-1	-1	600000	0
6132	6132	-1	-1	600000	0
6133	6133	-1	-1	600000	0
6134	6134	-1	-1	600000	0
6139	6139	-1	-1	600000	0
6141	6141	-1	-1	700000	0
6142	6142	-1	-1	700000	0
6143	6143	-1	-1	700000	0
6144	6144	-1	-1	700000	0
6145	6145	-1	-1	700000	0
6149	6149	-1	-1	700000	0
6151	6151	-1	-1	800000	0
6152	6152	-1	-1	800000	0
6153	6153	-1	-1	800000	0
6154	6154	-1	-1	800000	0
6155	6155	-1	-1	800000	0
6156	6156	-1	-1	800000	0
6159	6159	-1	-1	800000	0
6161	6161	-1	-1	100000	0
6162	6162	-1	-1	100000	0
6169	6169	-1	-1	100000	0
6171	6171	-1	-1	500000	0
6172	6172	-1	-1	500000	0
6173	6173	-1	-1	500000	0
6179	6179	-1	-1	500000	0
6181	6181	-1	-1	600000	0
6182	6182	-1	-1	600000	0
6183	6183	-1	-1	600000	0
6184	6184	-1	-1	600000	0
6189	6189	-1	-1	600000	0
6191	6191	-1	-1	700000	0
6192	6192	-1	-1	700000	0
6193	6193	-1	-1	700000	0
6194	6194	-1	-1	700000	0
6195	6195	-1	-1	700000	0
6199	6199	-1	-1	700000	0
6201	6201	-1	-1	800000	0
6202	6202	-1	-1	800000	0
6203	6203	-1	-1	800000	0
6204	6204	-1	-1	800000	0
6205	6205	-1	-1	800000	0
6206	6206	-1	-1	800000	0
6209	6209	-1	-1	800000	0
6211	6211	-1	-1	100000	0
6212	6212	-1	-1	100000	0
6219	6219	-1	-1	100000	0
6221	6221	-1	-1	500000	0
6222	6222	-1	-1	500000	0
6223	6223	-1	-1	500000	0
6229	6229	-1	-1	500000	0
6231	6231	-1	-1	600000	0
6232	6232	-1	-1	600000	0
6233	6233	-1	-1	600000	0
6234	6234	-1	-1	600000	0
6239	6239	-1	-1	600000	0
6241	6241	-1	-1	700000	0
6242	6242	-1	-1	700000	0
6243	6243	-1	-1	700000	0
6244	6244	-1	-1	700000	0
6245	6245	-1	-1	700000	0
6249	6249	-1	-1	700000	0
6251	6251	-1	-1	800000	0
6252	6252	-1	-1	800000	0
6253	6253	-1	-1	800000	0
6254	6254	-1	-1	800000	0
6255	6255	-1	-1	800000	0
6256	6256	-1	-1	800000	0
6259	6259	-1	-1	800000	0
6261	6261	-1	-1	100000	0
6262	6262	-1	-1	100000	0
6269	6269	-1	-1	100000	0
6271	6271	-1	-1	500000	0
6272	6272	-1	-1	500000	0
6273	6273	-1	-1	500000	0
6279	6279	-1	-1	500000	0
6281	6281	-1	-1	600000	0
6282	6282	-1	-1	600000	0
6283	6283	-1	-1	600000	0
6284	6284	-1	-1	600000	0
6289	6289	-1	-1	600000	0
6291	6291	-1	-1	700000	0
6292	6292	-1	-1	700000	0
6293	6293	-1	-1	700000	0
6294	6294	-1	-1	700000	0
6295	6295	-1	-1	700000	0
6299	6299	-1	-1	700000	0
6301	6301	-1	-1	800000	0
6302	6302	-1	-1	800000	0
6303	6303	-1	-1	800000	0
6304	6304	-1	-1	800000	0
6305	6305	-1	-1	800000	0
6306	6306	-1	-1	800000	0
6309	6309	-1	-1	800000	0
6311	6311	-1	-1	100000	0
6312	6312	-1	-1	100000	0
6319	6319	-1	-1	100000	0
6321	6321	-1	-1	500000	0
6322	6322	-1	-1	500000	0
6323	6323	-1	-1	500000	0
6329	6329	-1	-1	500000	0
6331	6331	-1	-1	600000	0
6332	6332	-1	-1	600000	0
6333	6333	-1	-1	600000	0
6334	6334	-1	-1	600000	0
6339	6339	-1	-1	600000	0
6341	6341	-1	-1	700000	0
6342	6342	-1	-1	700000	0
6343	6343	-1	-1	700000	0
6344	6344	-1	-1	700000	0
6345	6345	-1	-1	700000	0
6349	6349	-1	-1	700000	0
6351	6351	-1	-1	800000	0
6352	6352	-1	-1	800000	0
6353	6353	-1	-1	800000	0
6354	6354	-1	-1	800000	0
6355	6355	-1	-1	800000	0
6356	6356	-1	-1	800000	0
6359	6359	-1	-1	800000	0
6361	6361	-1	-1	100000	0
6362	6362	-1	-1	100000	0
6369	6369	-1	-1	100000	0
6371	6371	-1	-1	500000	0
6372	6372	-1	-1	500000	0
6373	6373	-1	-1	500000	0
6379	6379	-1	-1	500000	0
6381	6381	-1	-1	600000	0
6382	6382	-1	-1	600000	0
6383	6383	-1	-1	600000	0
6384	6384	-1	-1	600000	0
6389	6389	-1	-1	600000	0
6391	6391	-1	-1	700000	0
6392	6392	-1	-1	700000	0
6393	6393	-1	-1	700000	0
6394	6394	-1	-1	700000	0
6395	6395	-1	-1	700000	0
6399	6399	-1	-1	700000	0
6401	6401	-1	-1	800000	0
6402	6402	-1	-1	800000	0
6403	6403	-1	-1	800000	0
6404	6404	-1	-1	800000	0
6405	6405	-1	-1	800000	0
6406	6406	-1	-1	800000	0
6409	6409	-1	-1	800000	0
6411	6411	-1	-1	100000	0
6412	6412	-1	-1	100000	0
6419	6419	-1	-1	100000	0
6421	6421	-1	-1	500000	0
6422	6422	-1	-1	500000	0
6423	6423	-1	-1	500000	0
6429	6429	-1	-1	500000	0
6431	6431	-1	-1	600000	0
6432	6432	-1	-1	600000	0
6433	6433	-1	-1	600000	0
6434	6434	-1	-1	600000	0
6439	6439	-1	-1	600000	0
6441	6441	-1	-1	700000	0
6442	6442	-1	-1	700000	0
6443	6443	-1	-1	700000	0
6444	6444	-1	-1	700000	0
6445	6445	-1	-1	700000	0
6449	6449	-1	-1	700000	0
6451	6451	-1	-1	800000	0
6452	6452	-1	-1	800000	0
6453	6453	-1	-1	800000	0
6454	6454	-1	-1	800000	0
6455	6455	-1	-1	800000	0
6456	6456	-1	-1	800000	0
6459	6459	-1	-1	800000	0
6461	6461	-1	-1	100000	0
6462	6462	-1	-1	100000	0
6469	6469	-1	-1	100000	0
6471	6471	-1	-1	500000	0
6472	6472	-1	-1	500000	0
6473	6473	-1	-1	500000	0
6479	6479	-1	-1	500000	0
6481	6481	-1	-1	600000	0
6482	6482	-1	-1	600000	0
6483	6483	-1	-1	600000	0
6484	6484	-1	-1	600000	0
6489	6489	-1	-1	600000	0
6491	6491	-1	-1	700000	0
6492	6492	-1	-1	700000	0
6493	6493	-1	-1	700000	0
6494	6494	-1	-1	700000	0
6495	6495	-1	-1	700000	0
6499	6499	-1	-1	700000	0
6501	6501	-1	-1	800000	0
6502	6502	-1	-1	800000	0
6503	6503	-1	-1	800000	0
6504	6504	-1	-1	800000	0
6505	6505	-1	-1	800000	0
6506	6506	-1	-1	800000	0
6509	6509	-1	-1	800000	0
6511	6511	-1	-1	100000	0
6512	6512	-1	-1	100000	0
6519	6519	-1	-1	100000	0
6521	6521	-1	-1	500000	0
6522	6522	-1	-1	500000	0
6523	6523	-1	-1	500000	0
6529	6529	-1	-1	500000	0
6531	6531	-1	-1	600000	0
6532	6532	-1	-1	600000	0
6533	6533	-1	-1	600000	0
6534	6534	-1	-1	600000	0
6539	6539	-1	-1	600000	0
6541	6541	-1	-1	700000	0
6542	6542	-1	-1	700000	0
6543	6543	-1	-1	700000	0
6544	6544	-1	-1	700000	0
6545	6545	-1	-1	700000	0
6549	6549	-1	-1	700000	0
6551	6551	-1	-1	800000	0
6552	6552	-1	-1	800000	0
6553	6553	-1	-1	800000	0
6554	6554	-1	-1	800000	0
6555	6555	-1	-1	800000	0
6556	6556	-1	-1	800000	0
6559	6559	-1	-1	800000	0
6561	6561	-1	-1	700000	0
6562	6562	-1	-1	700000	0
6563	6563	-1	-1	700000	0
6564	6564	-1	-1	700000	0
6565	6565	-1	-1	700000	0
6569	6569	-1	-1	700000	0
6571	6571	-1	-1	500000	0
6572	6572	-1	-1	500000	0
6573	6573	-1	-1	500000	0
6579	6579	-1	-1	500000	0
6581	6581	-1	-1	600000	0
6582	6582	-1	-1	600000	0
6583	6583	-1	-1	600000	0
6584	6584	-1	-1	600000	0
6589	6589	-1	-1	600000	0
6591	6591	-1	-1	700000	0
6592	6592	-1	-1	700000	0
6593	6593	-1	-1	700000	0
6594	6594	-1	-1	700000	0
6595	6595	-1	-1	700000	0
6599	6599	-1	-1	700000	0
6601	6601	-1	-1	600000	0
6602	6602	-1	-1	600000	0
6603	6603	-1	-1	600000	0
6604	6604	-1	-1	600000	0
6609	6609	-1	-1	600000	0
6611	6611	-1	-1	800000	0
6612	6612	-1	-1	800000	0
6613	6613	-1	-1	800000	0
6614	6614	-1	-1	800000	0
6615	6615	-1	-1	800000	0
6616	6616	-1	-1	800000	0
6619	6619	-1	-1	800000	0
6621	6621	-1	-1	700000	0
6622	6622	-1	-1	700000	0
6623	6623	-1	-1	700000	0
6624	6624	-1	-1	700000	0
6625	6625	-1	-1	700000	0
6629	6629	-1	-1	700000	0
6631	6631	-1	-1	800000	0
6632	6632	-1	-1	800000	0
6633	6633	-1	-1	800000	0
6634	6634	-1	-1	800000	0
6635	6635	-1	-1	800000	0
6636	6636	-1	-1	800000	0
6639	6639	-1	-1	800000	0
6641	6641	-1	-1	100000	0
6642	6642	-1	-1	100000	0
6649	6649	-1	-1	100000	0
6651	6651	-1	-1	500000	0
6652	6652	-1	-1	500000	0
6653	6653	-1	-1	500000	0
6659	6659	-1	-1	500000	0
6661	6661	-1	-1	600000	0
6662	6662	-1	-1	600000	0
6663	6663	-1	-1	600000	0
6664	6664	-1	-1	600000	0
6669	6669	-1	-1	600000	0
6671	6671	-1	-1	700000	0
6672	6672	-1	-1	700000	0
6673	6673	-1	-1	700000	0
6674	6674	-1	-1	700000	0
6675	6675	-1	-1	700000	0
6679	6679	-1	-1	700000	0
6681	6681	-1	-1	500000	0
6682	6682	-1	-1	500000	0
6683	6683	-1	-1	500000	0
6689	6689	-1	-1	500000	0
6691	6691	-1	-1	600000	0
6692	6692	-1	-1	600000	0
6693	6693	-1	-1	600000	0
6694	6694	-1	-1	600000	0
6699	6699	-1	-1	600000	0
6701	6701	-1	-1	700000	0
6702	6702	-1	-1	700000	0
6703	6703	-1	-1	700000	0
6704	6704	-1	-1	700000	0
6705	6705	-1	-1	700000	0
6709	6709	-1	-1	700000	0
6711	6711	-1	-1	800000	0
6712	6712	-1	-1	800000	0
6713	6713	-1	-1	800000	0
6714	6714	-1	-1	800000	0
6715	6715	-1	-1	800000	0
6716	6716	-1	-1	800000	0
6719	6719	-1	-1	800000	0
7501	7501	-1	-1	100000	0
7502	7502	-1	-1	100000	0
7509	7509	-1	-1	100000	0
7511	7511	-1	-1	500000	0
7512	7512	-1	-1	500000	0
7513	7513	-1	-1	500000	0
7519	7519	-1	-1	500000	0
7521	7521	-1	-1	600000	0
7522	7522	-1	-1	600000	0
7523	7523	-1	-1	600000	0
7524	7524	-1	-1	600000	0
7529	7529	-1	-1	600000	0
7531	7531	-1	-1	700000	0
7532	7532	-1	-1	700000	0
7533	7533	-1	-1	700000	0
7534	7534	-1	-1	700000	0
7535	7535	-1	-1	700000	0
7539	7539	-1	-1	700000	0
7541	7541	-1	-1	800000	0
7542	7542	-1	-1	800000	0
7543	7543	-1	-1	800000	0
7544	7544	-1	-1	800000	0
7545	7545	-1	-1	800000	0
7546	7546	-1	-1	800000	0
7549	7549	-1	-1	800000	0
7551	7551	25041	25042	990000	0
7552	7552	25041	25042	990000	0
7553	7553	25041	25042	990000	0
7554	7554	25041	25042	990000	0
7555	7555	25041	25042	990000	0
7556	7556	25041	25042	990000	0
7557	7557	25041	25042	990000	0
7559	7559	25041	25042	990000	0
7561	7561	25371	25372	990000	0
7562	7562	25371	25372	990000	0
7563	7563	25371	25372	990000	0
7564	7564	25371	25372	990000	0
7565	7565	25371	25372	990000	0
7566	7566	25371	25372	990000	0
7567	7567	25371	25372	990000	0
7568	7568	25371	25372	990000	0
7569	7569	25371	25372	990000	0
7571	7571	-1	-1	100000	0
7572	7572	-1	-1	100000	0
7579	7579	-1	-1	100000	0
7581	7581	-1	-1	500000	0
7582	7582	-1	-1	500000	0
7583	7583	-1	-1	500000	0
7589	7589	-1	-1	500000	0
7591	7591	-1	-1	600000	0
7592	7592	-1	-1	600000	0
7593	7593	-1	-1	600000	0
7594	7594	-1	-1	600000	0
7599	7599	-1	-1	600000	0
7601	7601	-1	-1	700000	0
7602	7602	-1	-1	700000	0
7603	7603	-1	-1	700000	0
7604	7604	-1	-1	700000	0
7605	7605	-1	-1	700000	0
7609	7609	-1	-1	700000	0
7611	7611	-1	-1	800000	0
7612	7612	-1	-1	800000	0
7613	7613	-1	-1	800000	0
7614	7614	-1	-1	800000	0
7615	7615	-1	-1	800000	0
7616	7616	-1	-1	800000	0
7619	7619	-1	-1	800000	0
7621	7621	25051	25052	990000	0
7622	7622	25051	25052	990000	0
7623	7623	25051	25052	990000	0
7624	7624	25051	25052	990000	0
7625	7625	25051	25052	990000	0
7626	7626	25051	25052	990000	0
7627	7627	25051	25052	990000	0
7629	7629	25051	25052	990000	0
7631	7631	25381	25382	990000	0
7632	7632	25381	25382	990000	0
7633	7633	25381	25382	990000	0
7634	7634	25381	25382	990000	0
7635	7635	25381	25382	990000	0
7636	7636	25381	25382	990000	0
7637	7637	25381	25382	990000	0
7638	7638	25381	25382	990000	0
7639	7639	25381	25382	990000	0
7641	7641	-1	-1	100000	0
7642	7642	-1	-1	100000	0
7649	7649	-1	-1	100000	0
7651	7651	-1	-1	500000	0
7652	7652	-1	-1	500000	0
7653	7653	-1	-1	500000	0
7659	7659	-1	-1	500000	0
7661	7661	-1	-1	600000	0
7662	7662	-1	-1	600000	0
7663	7663	-1	-1	600000	0
7664	7664	-1	-1	600000	0
7669	7669	-1	-1	600000	0
7671	7671	-1	-1	700000	0
7672	7672	-1	-1	700000	0
7673	7673	-1	-1	700000	0
7674	7674	-1	-1	700000	0
7675	7675	-1	-1	700000	0
7679	7679	-1	-1	700000	0
7681	7681	-1	-1	800000	0
7682	7682	-1	-1	800000	0
7683	7683	-1	-1	800000	0
7684	7684	-1	-1	800000	0
7685	7685	-1	-1	800000	0
7686	7686	-1	-1	800000	0
7689	7689	-1	-1	800000	0
7691	7691	25061	25062	990000	0
7692	7692	25061	25062	990000	0
7693	7693	25061	25062	990000	0
7694	7694	25061	25062	990000	0
7695	7695	25061	25062	990000	0
7696	7696	25061	25062	990000	0
7697	7697	25061	25062	990000	0
7699	7699	25061	25062	990000	0
7701	7701	25391	25392	990000	0
7702	7702	25391	25392	990000	0
7703	7703	25391	25392	990000	0
7704	7704	25391	25392	990000	0
7705	7705	25391	25392	990000	0
7706	7706	25391	25392	990000	0
7707	7707	25391	25392	990000	0
7708	7708	25391	25392	990000	0
7709	7709	25391	25392	990000	0
7711	7711	-1	-1	100000	0
7712	7712	-1	-1	100000	0
7719	7719	-1	-1	100000	0
7721	7721	-1	-1	500000	0
7722	7722	-1	-1	500000	0
7723	7723	-1	-1	500000	0
7729	7729	-1	-1	500000	0
7731	7731	-1	-1	600000	0
7732	7732	-1	-1	600000	0
7733	7733	-1	-1	600000	0
7734	7734	-1	-1	600000	0
7739	7739	-1	-1	600000	0
7741	7741	-1	-1	700000	0
7742	7742	-1	-1	700000	0
7743	7743	-1	-1	700000	0
7744	7744	-1	-1	700000	0
7745	7745	-1	-1	700000	0
7749	7749	-1	-1	700000	0
7751	7751	-1	-1	800000	0
7752	7752	-1	-1	800000	0
7753	7753	-1	-1	800000	0
7754	7754	-1	-1	800000	0
7755	7755	-1	-1	800000	0
7756	7756	-1	-1	800000	0
7759	7759	-1	-1	800000	0
7761	7761	25071	25072	990000	0
7762	7762	25071	25072	990000	0
7763	7763	25071	25072	990000	0
7764	7764	25071	25072	990000	0
7765	7765	25071	25072	990000	0
7766	7766	25071	25072	990000	0
7767	7767	25071	25072	990000	0
7769	7769	25071	25072	990000	0
7771	7771	25401	25402	990000	0
7772	7772	25401	25402	990000	0
7773	7773	25401	25402	990000	0
7774	7774	25401	25402	990000	0
7775	7775	25401	25402	990000	0
7776	7776	25401	25402	990000	0
7777	7777	25401	25402	990000	0
7778	7778	25401	25402	990000	0
7779	7779	25401	25402	990000	0
7781	7781	-1	-1	100000	0
7782	7782	-1	-1	100000	0
7789	7789	-1	-1	100000	0
7791	7791	-1	-1	500000	0
7792	7792	-1	-1	500000	0
7793	7793	-1	-1	500000	0
7799	7799	-1	-1	500000	0
7801	7801	-1	-1	600000	0
7802	7802	-1	-1	600000	0
7803	7803	-1	-1	600000	0
7804	7804	-1	-1	600000	0
7809	7809	-1	-1	600000	0
7811	7811	-1	-1	700000	0
7812	7812	-1	-1	700000	0
7813	7813	-1	-1	700000	0
7814	7814	-1	-1	700000	0
7815	7815	-1	-1	700000	0
7819	7819	-1	-1	700000	0
7821	7821	-1	-1	800000	0
7822	7822	-1	-1	800000	0
7823	7823	-1	-1	800000	0
7824	7824	-1	-1	800000	0
7825	7825	-1	-1	800000	0
7826	7826	-1	-1	800000	0
7829	7829	-1	-1	800000	0
7831	7831	25081	25082	990000	0
7832	7832	25081	25082	990000	0
7833	7833	25081	25082	990000	0
7834	7834	25081	25082	990000	0
7835	7835	25081	25082	990000	0
7836	7836	25081	25082	990000	0
7837	7837	25081	25082	990000	0
7839	7839	25081	25082	990000	0
7841	7841	25411	25412	990000	0
7842	7842	25411	25412	990000	0
7843	7843	25411	25412	990000	0
7844	7844	25411	25412	990000	0
7845	7845	25411	25412	990000	0
7846	7846	25411	25412	990000	0
7847	7847	25411	25412	990000	0
7848	7848	25411	25412	990000	0
7849	7849	25411	25412	990000	0
7851	7851	-1	-1	100000	0
7852	7852	-1	-1	100000	0
7859	7859	-1	-1	100000	0
7861	7861	-1	-1	500000	0
7862	7862	-1	-1	500000	0
7863	7863	-1	-1	500000	0
7869	7869	-1	-1	500000	0
7871	7871	-1	-1	600000	0
7872	7872	-1	-1	600000	0
7873	7873	-1	-1	600000	0
7874	7874	-1	-1	600000	0
7879	7879	-1	-1	600000	0
7881	7881	-1	-1	700000	0
7882	7882	-1	-1	700000	0
7883	7883	-1	-1	700000	0
7884	7884	-1	-1	700000	0
7885	7885	-1	-1	700000	0
7889	7889	-1	-1	700000	0
7891	7891	-1	-1	800000	0
7892	7892	-1	-1	800000	0
7893	7893	-1	-1	800000	0
7894	7894	-1	-1	800000	0
7895	7895	-1	-1	800000	0
7896	7896	-1	-1	800000	0
7899	7899	-1	-1	800000	0
7901	7901	25091	25092	990000	0
7902	7902	25091	25092	990000	0
7903	7903	25091	25092	990000	0
7904	7904	25091	25092	990000	0
7905	7905	25091	25092	990000	0
7906	7906	25091	25092	990000	0
7907	7907	25091	25092	990000	0
7909	7909	25091	25092	990000	0
7911	7911	25421	25422	990000	0
7912	7912	25421	25422	990000	0
7913	7913	25421	25422	990000	0
7914	7914	25421	25422	990000	0
7915	7915	25421	25422	990000	0
7916	7916	25421	25422	990000	0
7917	7917	25421	25422	990000	0
7918	7918	25421	25422	990000	0
7919	7919	25421	25422	990000	0
7921	7921	-1	-1	100000	0
7922	7922	-1	-1	100000	0
7929	7929	-1	-1	100000	0
7931	7931	-1	-1	500000	0
7932	7932	-1	-1	500000	0
7933	7933	-1	-1	500000	0
7939	7939	-1	-1	500000	0
7941	7941	-1	-1	600000	0
7942	7942	-1	-1	600000	0
7943	7943	-1	-1	600000	0
7944	7944	-1	-1	600000	0
7949	7949	-1	-1	600000	0
7951	7951	-1	-1	700000	0
7952	7952	-1	-1	700000	0
7953	7953	-1	-1	700000	0
7954	7954	-1	-1	700000	0
7955	7955	-1	-1	700000	0
7959	7959	-1	-1	700000	0
7961	7961	-1	-1	800000	0
7962	7962	-1	-1	800000	0
7963	7963	-1	-1	800000	0
7964	7964	-1	-1	800000	0
7965	7965	-1	-1	800000	0
7966	7966	-1	-1	800000	0
7969	7969	-1	-1	800000	0
7971	7971	25101	25102	990000	0
7972	7972	25101	25102	990000	0
7973	7973	25101	25102	990000	0
7974	7974	25101	25102	990000	0
7975	7975	25101	25102	990000	0
7976	7976	25101	25102	990000	0
7977	7977	25101	25102	990000	0
7979	7979	25101	25102	990000	0
7981	7981	25431	25432	990000	0
7982	7982	25431	25432	990000	0
7983	7983	25431	25432	990000	0
7984	7984	25431	25432	990000	0
7985	7985	25431	25432	990000	0
7986	7986	25431	25432	990000	0
7987	7987	25431	25432	990000	0
7988	7988	25431	25432	990000	0
7989	7989	25431	25432	990000	0
7991	7991	-1	-1	100000	0
7992	7992	-1	-1	100000	0
7999	7999	-1	-1	100000	0
8001	8001	-1	-1	500000	0
8002	8002	-1	-1	500000	0
8003	8003	-1	-1	500000	0
8009	8009	-1	-1	500000	0
8011	8011	-1	-1	600000	0
8012	8012	-1	-1	600000	0
8013	8013	-1	-1	600000	0
8014	8014	-1	-1	600000	0
8019	8019	-1	-1	600000	0
8021	8021	-1	-1	700000	0
8022	8022	-1	-1	700000	0
8023	8023	-1	-1	700000	0
8024	8024	-1	-1	700000	0
8025	8025	-1	-1	700000	0
8029	8029	-1	-1	700000	0
8031	8031	-1	-1	800000	0
8032	8032	-1	-1	800000	0
8033	8033	-1	-1	800000	0
8034	8034	-1	-1	800000	0
8035	8035	-1	-1	800000	0
8036	8036	-1	-1	800000	0
8039	8039	-1	-1	800000	0
8041	8041	25111	25112	990000	0
8042	8042	25111	25112	990000	0
8043	8043	25111	25112	990000	0
8044	8044	25111	25112	990000	0
8045	8045	25111	25112	990000	0
8046	8046	25111	25112	990000	0
8047	8047	25111	25112	990000	0
8049	8049	25111	25112	990000	0
8051	8051	25441	25442	990000	0
8052	8052	25441	25442	990000	0
8053	8053	25441	25442	990000	0
8054	8054	25441	25442	990000	0
8055	8055	25441	25442	990000	0
8056	8056	25441	25442	990000	0
8057	8057	25441	25442	990000	0
8058	8058	25441	25442	990000	0
8059	8059	25441	25442	990000	0
8061	8061	-1	-1	100000	0
8062	8062	-1	-1	100000	0
8069	8069	-1	-1	100000	0
8071	8071	-1	-1	500000	0
8072	8072	-1	-1	500000	0
8073	8073	-1	-1	500000	0
8079	8079	-1	-1	500000	0
8081	8081	-1	-1	600000	0
8082	8082	-1	-1	600000	0
8083	8083	-1	-1	600000	0
8084	8084	-1	-1	600000	0
8089	8089	-1	-1	600000	0
8091	8091	-1	-1	700000	0
8092	8092	-1	-1	700000	0
8093	8093	-1	-1	700000	0
8094	8094	-1	-1	700000	0
8095	8095	-1	-1	700000	0
8099	8099	-1	-1	700000	0
8101	8101	-1	-1	800000	0
8102	8102	-1	-1	800000	0
8103	8103	-1	-1	800000	0
8104	8104	-1	-1	800000	0
8105	8105	-1	-1	800000	0
8106	8106	-1	-1	800000	0
8109	8109	-1	-1	800000	0
8111	8111	25121	25122	990000	0
8112	8112	25121	25122	990000	0
8113	8113	25121	25122	990000	0
8114	8114	25121	25122	990000	0
8115	8115	25121	25122	990000	0
8116	8116	25121	25122	990000	0
8117	8117	25121	25122	990000	0
8119	8119	25121	25122	990000	0
8121	8121	25451	25452	990000	0
8122	8122	25451	25452	990000	0
8123	8123	25451	25452	990000	0
8124	8124	25451	25452	990000	0
8125	8125	25451	25452	990000	0
8126	8126	25451	25452	990000	0
8127	8127	25451	25452	990000	0
8128	8128	25451	25452	990000	0
8129	8129	25451	25452	990000	0
8131	8131	-1	-1	100000	0
8132	8132	-1	-1	100000	0
8139	8139	-1	-1	100000	0
8141	8141	-1	-1	500000	0
8142	8142	-1	-1	500000	0
8143	8143	-1	-1	500000	0
8149	8149	-1	-1	500000	0
8151	8151	-1	-1	600000	0
8152	8152	-1	-1	600000	0
8153	8153	-1	-1	600000	0
8154	8154	-1	-1	600000	0
8159	8159	-1	-1	600000	0
8161	8161	-1	-1	700000	0
8162	8162	-1	-1	700000	0
8163	8163	-1	-1	700000	0
8164	8164	-1	-1	700000	0
8165	8165	-1	-1	700000	0
8169	8169	-1	-1	700000	0
8171	8171	-1	-1	800000	0
8172	8172	-1	-1	800000	0
8173	8173	-1	-1	800000	0
8174	8174	-1	-1	800000	0
8175	8175	-1	-1	800000	0
8176	8176	-1	-1	800000	0
8179	8179	-1	-1	800000	0
8181	8181	25131	25132	990000	0
8182	8182	25131	25132	990000	0
8183	8183	25131	25132	990000	0
8184	8184	25131	25132	990000	0
8185	8185	25131	25132	990000	0
8186	8186	25131	25132	990000	0
8187	8187	25131	25132	990000	0
8189	8189	25131	25132	990000	0
8191	8191	25461	25462	990000	0
8192	8192	25461	25462	990000	0
8193	8193	25461	25462	990000	0
8194	8194	25461	25462	990000	0
8195	8195	25461	25462	990000	0
8196	8196	25461	25462	990000	0
8197	8197	25461	25462	990000	0
8198	8198	25461	25462	990000	0
8199	8199	25461	25462	990000	0
8201	8201	-1	-1	100000	0
8202	8202	-1	-1	100000	0
8209	8209	-1	-1	100000	0
8211	8211	-1	-1	500000	0
8212	8212	-1	-1	500000	0
8213	8213	-1	-1	500000	0
8219	8219	-1	-1	500000	0
8221	8221	-1	-1	600000	0
8222	8222	-1	-1	600000	0
8223	8223	-1	-1	600000	0
8224	8224	-1	-1	600000	0
8229	8229	-1	-1	600000	0
8231	8231	-1	-1	700000	0
8232	8232	-1	-1	700000	0
8233	8233	-1	-1	700000	0
8234	8234	-1	-1	700000	0
8235	8235	-1	-1	700000	0
8239	8239	-1	-1	700000	0
8241	8241	-1	-1	800000	0
8242	8242	-1	-1	800000	0
8243	8243	-1	-1	800000	0
8244	8244	-1	-1	800000	0
8245	8245	-1	-1	800000	0
8246	8246	-1	-1	800000	0
8249	8249	-1	-1	800000	0
8251	8251	25141	25142	990000	0
8252	8252	25141	25142	990000	0
8253	8253	25141	25142	990000	0
8254	8254	25141	25142	990000	0
8255	8255	25141	25142	990000	0
8256	8256	25141	25142	990000	0
8257	8257	25141	25142	990000	0
8259	8259	25141	25142	990000	0
8261	8261	25471	25472	990000	0
8262	8262	25471	25472	990000	0
8263	8263	25471	25472	990000	0
8264	8264	25471	25472	990000	0
8265	8265	25471	25472	990000	0
8266	8266	25471	25472	990000	0
8267	8267	25471	25472	990000	0
8268	8268	25471	25472	990000	0
8269	8269	25471	25472	990000	0
8271	8271	-1	-1	100000	0
8272	8272	-1	-1	100000	0
8279	8279	-1	-1	100000	0
8281	8281	-1	-1	500000	0
8282	8282	-1	-1	500000	0
8283	8283	-1	-1	500000	0
8289	8289	-1	-1	500000	0
8291	8291	-1	-1	600000	0
8292	8292	-1	-1	600000	0
8293	8293	-1	-1	600000	0
8294	8294	-1	-1	600000	0
8299	8299	-1	-1	600000	0
8301	8301	-1	-1	700000	0
8302	8302	-1	-1	700000	0
8303	8303	-1	-1	700000	0
8304	8304	-1	-1	700000	0
8305	8305	-1	-1	700000	0
8309	8309	-1	-1	700000	0
8311	8311	-1	-1	800000	0
8312	8312	-1	-1	800000	0
8313	8313	-1	-1	800000	0
8314	8314	-1	-1	800000	0
8315	8315	-1	-1	800000	0
8316	8316	-1	-1	800000	0
8319	8319	-1	-1	800000	0
8321	8321	25151	25152	990000	0
8322	8322	25151	25152	990000	0
8323	8323	25151	25152	990000	0
8324	8324	25151	25152	990000	0
8325	8325	25151	25152	990000	0
8326	8326	25151	25152	990000	0
8327	8327	25151	25152	990000	0
8329	8329	25151	25152	990000	0
8331	8331	25481	25482	990000	0
8332	8332	25481	25482	990000	0
8333	8333	25481	25482	990000	0
8334	8334	25481	25482	990000	0
8335	8335	25481	25482	990000	0
8336	8336	25481	25482	990000	0
8337	8337	25481	25482	990000	0
8338	8338	25481	25482	990000	0
8339	8339	25481	25482	990000	0
8341	8341	-1	-1	100000	0
8342	8342	-1	-1	100000	0
8349	8349	-1	-1	100000	0
8351	8351	-1	-1	500000	0
8352	8352	-1	-1	500000	0
8353	8353	-1	-1	500000	0
8359	8359	-1	-1	500000	0
8361	8361	-1	-1	600000	0
8362	8362	-1	-1	600000	0
8363	8363	-1	-1	600000	0
8364	8364	-1	-1	600000	0
8369	8369	-1	-1	600000	0
8371	8371	-1	-1	700000	0
8372	8372	-1	-1	700000	0
8373	8373	-1	-1	700000	0
8374	8374	-1	-1	700000	0
8375	8375	-1	-1	700000	0
8379	8379	-1	-1	700000	0
8381	8381	-1	-1	800000	0
8382	8382	-1	-1	800000	0
8383	8383	-1	-1	800000	0
8384	8384	-1	-1	800000	0
8385	8385	-1	-1	800000	0
8386	8386	-1	-1	800000	0
8389	8389	-1	-1	800000	0
8391	8391	25161	25162	990000	0
8392	8392	25161	25162	990000	0
8393	8393	25161	25162	990000	0
8394	8394	25161	25162	990000	0
8395	8395	25161	25162	990000	0
8396	8396	25161	25162	990000	0
8397	8397	25161	25162	990000	0
8399	8399	25161	25162	990000	0
8401	8401	25491	25492	990000	0
8402	8402	25491	25492	990000	0
8403	8403	25491	25492	990000	0
8404	8404	25491	25492	990000	0
8405	8405	25491	25492	990000	0
8406	8406	25491	25492	990000	0
8407	8407	25491	25492	990000	0
8408	8408	25491	25492	990000	0
8409	8409	25491	25492	990000	0
8411	8411	-1	-1	100000	0
8412	8412	-1	-1	100000	0
8419	8419	-1	-1	100000	0
8421	8421	-1	-1	500000	0
8422	8422	-1	-1	500000	0
8423	8423	-1	-1	500000	0
8429	8429	-1	-1	500000	0
8431	8431	-1	-1	600000	0
8432	8432	-1	-1	600000	0
8433	8433	-1	-1	600000	0
8434	8434	-1	-1	600000	0
8439	8439	-1	-1	600000	0
8441	8441	-1	-1	700000	0
8442	8442	-1	-1	700000	0
8443	8443	-1	-1	700000	0
8444	8444	-1	-1	700000	0
8445	8445	-1	-1	700000	0
8449	8449	-1	-1	700000	0
8451	8451	-1	-1	800000	0
8452	8452	-1	-1	800000	0
8453	8453	-1	-1	800000	0
8454	8454	-1	-1	800000	0
8455	8455	-1	-1	800000	0
8456	8456	-1	-1	800000	0
8459	8459	-1	-1	800000	0
8461	8461	25171	25172	990000	0
8462	8462	25171	25172	990000	0
8463	8463	25171	25172	990000	0
8464	8464	25171	25172	990000	0
8465	8465	25171	25172	990000	0
8466	8466	25171	25172	990000	0
8467	8467	25171	25172	990000	0
8469	8469	25171	25172	990000	0
8471	8471	25501	25502	990000	0
8472	8472	25501	25502	990000	0
8473	8473	25501	25502	990000	0
8474	8474	25501	25502	990000	0
8475	8475	25501	25502	990000	0
8476	8476	25501	25502	990000	0
8477	8477	25501	25502	990000	0
8478	8478	25501	25502	990000	0
8479	8479	25501	25502	990000	0
8481	8481	-1	-1	100000	0
8482	8482	-1	-1	100000	0
8489	8489	-1	-1	100000	0
8491	8491	-1	-1	500000	0
8492	8492	-1	-1	500000	0
8493	8493	-1	-1	500000	0
8499	8499	-1	-1	500000	0
8501	8501	-1	-1	600000	0
8502	8502	-1	-1	600000	0
8503	8503	-1	-1	600000	0
8504	8504	-1	-1	600000	0
8509	8509	-1	-1	600000	0
8511	8511	-1	-1	700000	0
8512	8512	-1	-1	700000	0
8513	8513	-1	-1	700000	0
8514	8514	-1	-1	700000	0
8515	8515	-1	-1	700000	0
8519	8519	-1	-1	700000	0
8521	8521	-1	-1	800000	0
8522	8522	-1	-1	800000	0
8523	8523	-1	-1	800000	0
8524	8524	-1	-1	800000	0
8525	8525	-1	-1	800000	0
8526	8526	-1	-1	800000	0
8529	8529	-1	-1	800000	0
8531	8531	25181	25182	990000	0
8532	8532	25181	25182	990000	0
8533	8533	25181	25182	990000	0
8534	8534	25181	25182	990000	0
8535	8535	25181	25182	990000	0
8536	8536	25181	25182	990000	0
8537	8537	25181	25182	990000	0
8539	8539	25181	25182	990000	0
8541	8541	25511	25512	990000	0
8542	8542	25511	25512	990000	0
8543	8543	25511	25512	990000	0
8544	8544	25511	25512	990000	0
8545	8545	25511	25512	990000	0
8546	8546	25511	25512	990000	0
8547	8547	25511	25512	990000	0
8548	8548	25511	25512	990000	0
8549	8549	25511	25512	990000	0
8561	8561	-1	-1	100000	0
8562	8562	-1	-1	100000	0
8569	8569	-1	-1	100000	0
8571	8571	-1	-1	500000	0
8572	8572	-1	-1	500000	0
8573	8573	-1	-1	500000	0
8579	8579	-1	-1	500000	0
8581	8581	-1	-1	600000	0
8582	8582	-1	-1	600000	0
8583	8583	-1	-1	600000	0
8584	8584	-1	-1	600000	0
8589	8589	-1	-1	600000	0
8591	8591	-1	-1	700000	0
8592	8592	-1	-1	700000	0
8593	8593	-1	-1	700000	0
8594	8594	-1	-1	700000	0
8595	8595	-1	-1	700000	0
8599	8599	-1	-1	700000	0
8601	8601	-1	-1	800000	0
8602	8602	-1	-1	800000	0
8603	8603	-1	-1	800000	0
8604	8604	-1	-1	800000	0
8605	8605	-1	-1	800000	0
8606	8606	-1	-1	800000	0
8609	8609	-1	-1	800000	0
8611	8611	25191	25192	990000	0
8612	8612	25191	25192	990000	0
8613	8613	25191	25192	990000	0
8614	8614	25191	25192	990000	0
8615	8615	25191	25192	990000	0
8616	8616	25191	25192	990000	0
8617	8617	25191	25192	990000	0
8619	8619	25191	25192	990000	0
8621	8621	25521	25522	990000	0
8622	8622	25521	25522	990000	0
8623	8623	25521	25522	990000	0
8624	8624	25521	25522	990000	0
8625	8625	25521	25522	990000	0
8626	8626	25521	25522	990000	0
8627	8627	25521	25522	990000	0
8628	8628	25521	25522	990000	0
8629	8629	25521	25522	990000	0
8631	8631	-1	-1	600000	0
8632	8632	-1	-1	600000	0
8633	8633	-1	-1	600000	0
8634	8634	-1	-1	600000	0
8639	8639	-1	-1	600000	0
8641	8641	-1	-1	800000	0
8642	8642	-1	-1	800000	0
8643	8643	-1	-1	800000	0
8644	8644	-1	-1	800000	0
8645	8645	-1	-1	800000	0
8646	8646	-1	-1	800000	0
8649	8649	-1	-1	800000	0
8651	8651	-1	-1	700000	0
8652	8652	-1	-1	700000	0
8653	8653	-1	-1	700000	0
8654	8654	-1	-1	700000	0
8655	8655	-1	-1	700000	0
8659	8659	-1	-1	700000	0
8661	8661	-1	-1	800000	0
8662	8662	-1	-1	800000	0
8663	8663	-1	-1	800000	0
8664	8664	-1	-1	800000	0
8665	8665	-1	-1	800000	0
8666	8666	-1	-1	800000	0
8669	8669	-1	-1	800000	0
8671	8671	-1	-1	700000	0
8672	8672	-1	-1	700000	0
8673	8673	-1	-1	700000	0
8674	8674	-1	-1	700000	0
8675	8675	-1	-1	700000	0
8679	8679	-1	-1	700000	0
8681	8681	-1	-1	800000	0
8682	8682	-1	-1	800000	0
8683	8683	-1	-1	800000	0
8684	8684	-1	-1	800000	0
8685	8685	-1	-1	800000	0
8686	8686	-1	-1	800000	0
8689	8689	-1	-1	800000	0
8691	8691	25201	25202	990000	0
8692	8692	25201	25202	990000	0
8693	8693	25201	25202	990000	0
8694	8694	25201	25202	990000	0
8695	8695	25201	25202	990000	0
8696	8696	25201	25202	990000	0
8697	8697	25201	25202	990000	0
8699	8699	25201	25202	990000	0
8701	8701	-1	-1	100000	0
8702	8702	-1	-1	100000	0
8709	8709	-1	-1	100000	0
8711	8711	-1	-1	500000	0
8712	8712	-1	-1	500000	0
8713	8713	-1	-1	500000	0
8719	8719	-1	-1	500000	0
8721	8721	-1	-1	600000	0
8722	8722	-1	-1	600000	0
8723	8723	-1	-1	600000	0
8724	8724	-1	-1	600000	0
8729	8729	-1	-1	600000	0
8731	8731	25211	25212	990000	0
8732	8732	25211	25212	990000	0
8733	8733	25211	25212	990000	0
8734	8734	25211	25212	990000	0
8735	8735	25211	25212	990000	0
8736	8736	25211	25212	990000	0
8737	8737	25211	25212	990000	0
8739	8739	25211	25212	990000	0
8741	8741	-1	-1	100000	0
8742	8742	-1	-1	100000	0
8749	8749	-1	-1	100000	0
8751	8751	-1	-1	500000	0
8752	8752	-1	-1	500000	0
8753	8753	-1	-1	500000	0
8759	8759	-1	-1	500000	0
8761	8761	-1	-1	600000	0
8762	8762	-1	-1	600000	0
8763	8763	-1	-1	600000	0
8764	8764	-1	-1	600000	0
8769	8769	-1	-1	600000	0
8771	8771	-1	-1	700000	0
8772	8772	-1	-1	700000	0
8773	8773	-1	-1	700000	0
8774	8774	-1	-1	700000	0
8775	8775	-1	-1	700000	0
8779	8779	-1	-1	700000	0
8781	8781	-1	-1	800000	0
8782	8782	-1	-1	800000	0
8783	8783	-1	-1	800000	0
8784	8784	-1	-1	800000	0
8785	8785	-1	-1	800000	0
8786	8786	-1	-1	800000	0
8789	8789	-1	-1	800000	0
8791	8791	25221	25222	990000	0
8792	8792	25221	25222	990000	0
8793	8793	25221	25222	990000	0
8794	8794	25221	25222	990000	0
8795	8795	25221	25222	990000	0
8796	8796	25221	25222	990000	0
8797	8797	25221	25222	990000	0
8799	8799	25221	25222	990000	0
8801	8801	25531	25532	990000	0
8802	8802	25531	25532	990000	0
8803	8803	25531	25532	990000	0
8804	8804	25531	25532	990000	0
8805	8805	25531	25532	990000	0
8806	8806	25531	25532	990000	0
8807	8807	25531	25532	990000	0
8808	8808	25531	25532	990000	0
8809	8809	25531	25532	990000	0
8811	8811	-1	-1	100000	0
8812	8812	-1	-1	100000	0
8819	8819	-1	-1	100000	0
8821	8821	-1	-1	500000	0
8822	8822	-1	-1	500000	0
8823	8823	-1	-1	500000	0
8829	8829	-1	-1	500000	0
8831	8831	-1	-1	600000	0
8832	8832	-1	-1	600000	0
8833	8833	-1	-1	600000	0
8834	8834	-1	-1	600000	0
8839	8839	-1	-1	600000	0
8841	8841	-1	-1	700000	0
8842	8842	-1	-1	700000	0
8843	8843	-1	-1	700000	0
8844	8844	-1	-1	700000	0
8845	8845	-1	-1	700000	0
8849	8849	-1	-1	700000	0
8851	8851	-1	-1	800000	0
8852	8852	-1	-1	800000	0
8853	8853	-1	-1	800000	0
8854	8854	-1	-1	800000	0
8855	8855	-1	-1	800000	0
8856	8856	-1	-1	800000	0
8859	8859	-1	-1	800000	0
8861	8861	25231	25232	990000	0
8862	8862	25231	25232	990000	0
8863	8863	25231	25232	990000	0
8864	8864	25231	25232	990000	0
8865	8865	25231	25232	990000	0
8866	8866	25231	25232	990000	0
8867	8867	25231	25232	990000	0
8869	8869	25231	25232	990000	0
8871	8871	25541	25542	990000	0
8872	8872	25541	25542	990000	0
8873	8873	25541	25542	990000	0
8874	8874	25541	25542	990000	0
8875	8875	25541	25542	990000	0
8876	8876	25541	25542	990000	0
8877	8877	25541	25542	990000	0
8878	8878	25541	25542	990000	0
8879	8879	25541	25542	990000	0
8881	8881	-1	-1	100000	0
8882	8882	-1	-1	100000	0
8889	8889	-1	-1	100000	0
8891	8891	-1	-1	500000	0
8892	8892	-1	-1	500000	0
8893	8893	-1	-1	500000	0
8899	8899	-1	-1	500000	0
8901	8901	-1	-1	600000	0
8902	8902	-1	-1	600000	0
8903	8903	-1	-1	600000	0
8904	8904	-1	-1	600000	0
8909	8909	-1	-1	600000	0
8911	8911	-1	-1	700000	0
8912	8912	-1	-1	700000	0
8913	8913	-1	-1	700000	0
8914	8914	-1	-1	700000	0
8915	8915	-1	-1	700000	0
8919	8919	-1	-1	700000	0
8921	8921	-1	-1	800000	0
8922	8922	-1	-1	800000	0
8923	8923	-1	-1	800000	0
8924	8924	-1	-1	800000	0
8925	8925	-1	-1	800000	0
8926	8926	-1	-1	800000	0
8929	8929	-1	-1	800000	0
8931	8931	25241	25242	990000	0
8932	8932	25241	25242	990000	0
8933	8933	25241	25242	990000	0
8934	8934	25241	25242	990000	0
8935	8935	25241	25242	990000	0
8936	8936	25241	25242	990000	0
8937	8937	25241	25242	990000	0
8939	8939	25241	25242	990000	0
8941	8941	25551	25552	990000	0
8942	8942	25551	25552	990000	0
8943	8943	25551	25552	990000	0
8944	8944	25551	25552	990000	0
8945	8945	25551	25552	990000	0
8946	8946	25551	25552	990000	0
8947	8947	25551	25552	990000	0
8948	8948	25551	25552	990000	0
8949	8949	25551	25552	990000	0
8951	8951	-1	-1	700000	0
8952	8952	-1	-1	700000	0
8953	8953	-1	-1	700000	0
8954	8954	-1	-1	700000	0
8955	8955	-1	-1	700000	0
8959	8959	-1	-1	700000	0
8961	8961	-1	-1	500000	0
8962	8962	-1	-1	500000	0
8963	8963	-1	-1	500000	0
8969	8969	-1	-1	500000	0
8971	8971	-1	-1	600000	0
8972	8972	-1	-1	600000	0
8973	8973	-1	-1	600000	0
8974	8974	-1	-1	600000	0
8979	8979	-1	-1	600000	0
8981	8981	-1	-1	700000	0
8982	8982	-1	-1	700000	0
8983	8983	-1	-1	700000	0
8984	8984	-1	-1	700000	0
8985	8985	-1	-1	700000	0
8989	8989	-1	-1	700000	0
22001	22001	-1	-1	100000	0
22002	22002	-1	-1	100000	0
22009	22009	-1	-1	100000	0
22011	22011	-1	-1	500000	0
22012	22012	-1	-1	500000	0
22013	22013	-1	-1	500000	0
22019	22019	-1	-1	500000	0
22021	22021	-1	-1	600000	0
22022	22022	-1	-1	600000	0
22023	22023	-1	-1	600000	0
22024	22024	-1	-1	600000	0
22029	22029	-1	-1	600000	0
22031	22031	-1	-1	700000	0
22032	22032	-1	-1	700000	0
22033	22033	-1	-1	700000	0
22034	22034	-1	-1	700000	0
22035	22035	-1	-1	700000	0
22039	22039	-1	-1	700000	0
22041	22041	-1	-1	800000	0
22042	22042	-1	-1	800000	0
22043	22043	-1	-1	800000	0
22044	22044	-1	-1	800000	0
22045	22045	-1	-1	800000	0
22046	22046	-1	-1	800000	0
22049	22049	-1	-1	800000	0
22051	22051	25251	25252	990000	0
22052	22052	25251	25252	990000	0
22053	22053	25251	25252	990000	0
22054	22054	25251	25252	990000	0
22055	22055	25251	25252	990000	0
22056	22056	25251	25252	990000	0
22057	22057	25251	25252	990000	0
22059	22059	25251	25252	990000	0
22061	22061	25561	25562	990000	0
22062	22062	25561	25562	990000	0
22063	22063	25561	25562	990000	0
22064	22064	25561	25562	990000	0
22065	22065	25561	25562	990000	0
22066	22066	25561	25562	990000	0
22067	22067	25561	25562	990000	0
22068	22068	25561	25562	990000	0
22069	22069	25561	25562	990000	0
22071	22071	-1	-1	100000	0
22072	22072	-1	-1	100000	0
22079	22079	-1	-1	100000	0
22081	22081	-1	-1	500000	0
22082	22082	-1	-1	500000	0
22083	22083	-1	-1	500000	0
22089	22089	-1	-1	500000	0
22091	22091	-1	-1	600000	0
22092	22092	-1	-1	600000	0
22093	22093	-1	-1	600000	0
22094	22094	-1	-1	600000	0
22099	22099	-1	-1	600000	0
22101	22101	-1	-1	700000	0
22102	22102	-1	-1	700000	0
22103	22103	-1	-1	700000	0
22104	22104	-1	-1	700000	0
22105	22105	-1	-1	700000	0
22109	22109	-1	-1	700000	0
22111	22111	-1	-1	800000	0
22112	22112	-1	-1	800000	0
22113	22113	-1	-1	800000	0
22114	22114	-1	-1	800000	0
22115	22115	-1	-1	800000	0
22116	22116	-1	-1	800000	0
22119	22119	-1	-1	800000	0
22121	22121	25261	25262	990000	0
22122	22122	25261	25262	990000	0
22123	22123	25261	25262	990000	0
22124	22124	25261	25262	990000	0
22125	22125	25261	25262	990000	0
22126	22126	25261	25262	990000	0
22127	22127	25261	25262	990000	0
22129	22129	25261	25262	990000	0
22131	22131	25571	25572	990000	0
22132	22132	25571	25572	990000	0
22133	22133	25571	25572	990000	0
22134	22134	25571	25572	990000	0
22135	22135	25571	25572	990000	0
22136	22136	25571	25572	990000	0
22137	22137	25571	25572	990000	0
22138	22138	25571	25572	990000	0
22139	22139	25571	25572	990000	0
22201	22201	-1	-1	800000	0
22202	22202	-1	-1	800000	0
22203	22203	-1	-1	800000	0
22204	22204	-1	-1	800000	0
22205	22205	-1	-1	800000	0
22206	22206	-1	-1	800000	0
22209	22209	-1	-1	800000	0
22211	22211	-1	-1	100000	0
22212	22212	-1	-1	100000	0
22219	22219	-1	-1	100000	0
22221	22221	-1	-1	500000	0
22222	22222	-1	-1	500000	0
22223	22223	-1	-1	500000	0
22229	22229	-1	-1	500000	0
22231	22231	-1	-1	600000	0
22232	22232	-1	-1	600000	0
22233	22233	-1	-1	600000	0
22234	22234	-1	-1	600000	0
22239	22239	-1	-1	600000	0
22241	22241	-1	-1	700000	0
22242	22242	-1	-1	700000	0
22243	22243	-1	-1	700000	0
22244	22244	-1	-1	700000	0
22245	22245	-1	-1	700000	0
22249	22249	-1	-1	700000	0
22251	22251	-1	-1	800000	0
22252	22252	-1	-1	800000	0
22253	22253	-1	-1	800000	0
22254	22254	-1	-1	800000	0
22255	22255	-1	-1	800000	0
22256	22256	-1	-1	800000	0
22259	22259	-1	-1	800000	0
22261	22261	25271	25272	990000	0
22262	22262	25271	25272	990000	0
22263	22263	25271	25272	990000	0
22264	22264	25271	25272	990000	0
22265	22265	25271	25272	990000	0
22266	22266	25271	25272	990000	0
22267	22267	25271	25272	990000	0
22269	22269	25271	25272	990000	0
22271	22271	25581	25582	990000	0
22272	22272	25581	25582	990000	0
22273	22273	25581	25582	990000	0
22274	22274	25581	25582	990000	0
22275	22275	25581	25582	990000	0
22276	22276	25581	25582	990000	0
22277	22277	25581	25582	990000	0
22278	22278	25581	25582	990000	0
22279	22279	25581	25582	990000	0
22281	22281	-1	-1	100000	0
22282	22282	-1	-1	100000	0
22289	22289	-1	-1	100000	0
22291	22291	-1	-1	500000	0
22292	22292	-1	-1	500000	0
22293	22293	-1	-1	500000	0
22299	22299	-1	-1	500000	0
22301	22301	-1	-1	600000	0
22302	22302	-1	-1	600000	0
22303	22303	-1	-1	600000	0
22304	22304	-1	-1	600000	0
22309	22309	-1	-1	600000	0
22311	22311	-1	-1	700000	0
22312	22312	-1	-1	700000	0
22313	22313	-1	-1	700000	0
22314	22314	-1	-1	700000	0
22315	22315	-1	-1	700000	0
22319	22319	-1	-1	700000	0
22321	22321	-1	-1	800000	0
22322	22322	-1	-1	800000	0
22323	22323	-1	-1	800000	0
22324	22324	-1	-1	800000	0
22325	22325	-1	-1	800000	0
22326	22326	-1	-1	800000	0
22329	22329	-1	-1	800000	0
22331	22331	25281	25282	990000	0
22332	22332	25281	25282	990000	0
22333	22333	25281	25282	990000	0
22334	22334	25281	25282	990000	0
22335	22335	25281	25282	990000	0
22336	22336	25281	25282	990000	0
22337	22337	25281	25282	990000	0
22339	22339	25281	25282	990000	0
22341	22341	25591	25592	990000	0
22342	22342	25591	25592	990000	0
22343	22343	25591	25592	990000	0
22344	22344	25591	25592	990000	0
22345	22345	25591	25592	990000	0
22346	22346	25591	25592	990000	0
22347	22347	25591	25592	990000	0
22348	22348	25591	25592	990000	0
22349	22349	25591	25592	990000	0
22351	22351	-1	-1	100000	0
22352	22352	-1	-1	100000	0
22359	22359	-1	-1	100000	0
22361	22361	-1	-1	500000	0
22362	22362	-1	-1	500000	0
22363	22363	-1	-1	500000	0
22369	22369	-1	-1	500000	0
22371	22371	-1	-1	600000	0
22372	22372	-1	-1	600000	0
22373	22373	-1	-1	600000	0
22374	22374	-1	-1	600000	0
22379	22379	-1	-1	600000	0
22381	22381	-1	-1	700000	0
22382	22382	-1	-1	700000	0
22383	22383	-1	-1	700000	0
22384	22384	-1	-1	700000	0
22385	22385	-1	-1	700000	0
22389	22389	-1	-1	700000	0
22391	22391	-1	-1	800000	0
22392	22392	-1	-1	800000	0
22393	22393	-1	-1	800000	0
22394	22394	-1	-1	800000	0
22395	22395	-1	-1	800000	0
22396	22396	-1	-1	800000	0
22399	22399	-1	-1	800000	0
22401	22401	25291	25292	990000	0
22402	22402	25291	25292	990000	0
22403	22403	25291	25292	990000	0
22404	22404	25291	25292	990000	0
22405	22405	25291	25292	990000	0
22406	22406	25291	25292	990000	0
22407	22407	25291	25292	990000	0
22409	22409	25291	25292	990000	0
22411	22411	25601	25602	990000	0
22412	22412	25601	25602	990000	0
22413	22413	25601	25602	990000	0
22414	22414	25601	25602	990000	0
22415	22415	25601	25602	990000	0
22416	22416	25601	25602	990000	0
22417	22417	25601	25602	990000	0
22418	22418	25601	25602	990000	0
22419	22419	25601	25602	990000	0
22421	22421	-1	-1	100000	0
22422	22422	-1	-1	100000	0
22429	22429	-1	-1	100000	0
22431	22431	-1	-1	500000	0
22432	22432	-1	-1	500000	0
22433	22433	-1	-1	500000	0
22439	22439	-1	-1	500000	0
22441	22441	-1	-1	600000	0
22442	22442	-1	-1	600000	0
22443	22443	-1	-1	600000	0
22444	22444	-1	-1	600000	0
22449	22449	-1	-1	600000	0
22451	22451	-1	-1	700000	0
22452	22452	-1	-1	700000	0
22453	22453	-1	-1	700000	0
22454	22454	-1	-1	700000	0
22455	22455	-1	-1	700000	0
22459	22459	-1	-1	700000	0
22461	22461	-1	-1	800000	0
22462	22462	-1	-1	800000	0
22463	22463	-1	-1	800000	0
22464	22464	-1	-1	800000	0
22465	22465	-1	-1	800000	0
22466	22466	-1	-1	800000	0
22469	22469	-1	-1	800000	0
22471	22471	25301	25302	990000	0
22472	22472	25301	25302	990000	0
22473	22473	25301	25302	990000	0
22474	22474	25301	25302	990000	0
22475	22475	25301	25302	990000	0
22476	22476	25301	25302	990000	0
22477	22477	25301	25302	990000	0
22479	22479	25301	25302	990000	0
22481	22481	25611	25612	990000	0
22482	22482	25611	25612	990000	0
22483	22483	25611	25612	990000	0
22484	22484	25611	25612	990000	0
22485	22485	25611	25612	990000	0
22486	22486	25611	25612	990000	0
22487	22487	25611	25612	990000	0
22488	22488	25611	25612	990000	0
22489	22489	25611	25612	990000	0
22491	22491	-1	-1	100000	0
22492	22492	-1	-1	100000	0
22499	22499	-1	-1	100000	0
22501	22501	-1	-1	500000	0
22502	22502	-1	-1	500000	0
22503	22503	-1	-1	500000	0
22509	22509	-1	-1	500000	0
22511	22511	-1	-1	600000	0
22512	22512	-1	-1	600000	0
22513	22513	-1	-1	600000	0
22514	22514	-1	-1	600000	0
22519	22519	-1	-1	600000	0
22521	22521	-1	-1	700000	0
22522	22522	-1	-1	700000	0
22523	22523	-1	-1	700000	0
22524	22524	-1	-1	700000	0
22525	22525	-1	-1	700000	0
22529	22529	-1	-1	700000	0
22531	22531	-1	-1	800000	0
22532	22532	-1	-1	800000	0
22533	22533	-1	-1	800000	0
22534	22534	-1	-1	800000	0
22535	22535	-1	-1	800000	0
22536	22536	-1	-1	800000	0
22539	22539	-1	-1	800000	0
22541	22541	25311	25312	990000	0
22542	22542	25311	25312	990000	0
22543	22543	25311	25312	990000	0
22544	22544	25311	25312	990000	0
22545	22545	25311	25312	990000	0
22546	22546	25311	25312	990000	0
22547	22547	25311	25312	990000	0
22549	22549	25311	25312	990000	0
22551	22551	25621	25622	990000	0
22552	22552	25621	25622	990000	0
22553	22553	25621	25622	990000	0
22554	22554	25621	25622	990000	0
22555	22555	25621	25622	990000	0
22556	22556	25621	25622	990000	0
22557	22557	25621	25622	990000	0
22558	22558	25621	25622	990000	0
22559	22559	25621	25622	990000	0
22561	22561	25321	25322	990000	0
22562	22562	25321	25322	990000	0
22563	22563	25321	25322	990000	0
22564	22564	25321	25322	990000	0
22565	22565	25321	25322	990000	0
22566	22566	25321	25322	990000	0
22567	22567	25321	25322	990000	0
22569	22569	25321	25322	990000	0
22571	22571	25631	25632	990000	0
22572	22572	25631	25632	990000	0
22573	22573	25631	25632	990000	0
22574	22574	25631	25632	990000	0
22575	22575	25631	25632	990000	0
22576	22576	25631	25632	990000	0
22577	22577	25631	25632	990000	0
22578	22578	25631	25632	990000	0
22579	22579	25631	25632	990000	0
22581	22581	-1	-1	100000	0
22582	22582	-1	-1	100000	0
22589	22589	-1	-1	100000	0
22591	22591	-1	-1	500000	0
22592	22592	-1	-1	500000	0
22593	22593	-1	-1	500000	0
22599	22599	-1	-1	500000	0
22601	22601	-1	-1	600000	0
22602	22602	-1	-1	600000	0
22603	22603	-1	-1	600000	0
22604	22604	-1	-1	600000	0
22609	22609	-1	-1	600000	0
22611	22611	-1	-1	700000	0
22612	22612	-1	-1	700000	0
22613	22613	-1	-1	700000	0
22614	22614	-1	-1	700000	0
22615	22615	-1	-1	700000	0
22619	22619	-1	-1	700000	0
22621	22621	-1	-1	800000	0
22622	22622	-1	-1	800000	0
22623	22623	-1	-1	800000	0
22624	22624	-1	-1	800000	0
22625	22625	-1	-1	800000	0
22626	22626	-1	-1	800000	0
22629	22629	-1	-1	800000	0
22631	22631	25331	25332	990000	0
22632	22632	25331	25332	990000	0
22633	22633	25331	25332	990000	0
22634	22634	25331	25332	990000	0
22635	22635	25331	25332	990000	0
22636	22636	25331	25332	990000	0
22637	22637	25331	25332	990000	0
22639	22639	25331	25332	990000	0
22641	22641	25641	25642	990000	0
22642	22642	25641	25642	990000	0
22643	22643	25641	25642	990000	0
22644	22644	25641	25642	990000	0
22645	22645	25641	25642	990000	0
22646	22646	25641	25642	990000	0
22647	22647	25641	25642	990000	0
22648	22648	25641	25642	990000	0
22649	22649	25641	25642	990000	0
22651	22651	-1	-1	100000	0
22652	22652	-1	-1	100000	0
22659	22659	-1	-1	100000	0
22661	22661	-1	-1	500000	0
22662	22662	-1	-1	500000	0
22663	22663	-1	-1	500000	0
22669	22669	-1	-1	500000	0
22671	22671	-1	-1	600000	0
22672	22672	-1	-1	600000	0
22673	22673	-1	-1	600000	0
22674	22674	-1	-1	600000	0
22679	22679	-1	-1	600000	0
22681	22681	-1	-1	700000	0
22682	22682	-1	-1	700000	0
22683	22683	-1	-1	700000	0
22684	22684	-1	-1	700000	0
22685	22685	-1	-1	700000	0
22689	22689	-1	-1	700000	0
22691	22691	-1	-1	800000	0
22692	22692	-1	-1	800000	0
22693	22693	-1	-1	800000	0
22694	22694	-1	-1	800000	0
22695	22695	-1	-1	800000	0
22696	22696	-1	-1	800000	0
22699	22699	-1	-1	800000	0
22701	22701	25341	25342	990000	0
22702	22702	25341	25342	990000	0
22703	22703	25341	25342	990000	0
22704	22704	25341	25342	990000	0
22705	22705	25341	25342	990000	0
22706	22706	25341	25342	990000	0
22707	22707	25341	25342	990000	0
22709	22709	25341	25342	990000	0
22711	22711	25651	25652	990000	0
22712	22712	25651	25652	990000	0
22713	22713	25651	25652	990000	0
22714	22714	25651	25652	990000	0
22715	22715	25651	25652	990000	0
22716	22716	25651	25652	990000	0
22717	22717	25651	25652	990000	0
22718	22718	25651	25652	990000	0
22719	22719	25651	25652	990000	0
22721	22721	-1	-1	100000	0
22722	22722	-1	-1	100000	0
22729	22729	-1	-1	100000	0
22731	22731	-1	-1	500000	0
22732	22732	-1	-1	500000	0
22733	22733	-1	-1	500000	0
22739	22739	-1	-1	500000	0
22741	22741	-1	-1	600000	0
22742	22742	-1	-1	600000	0
22743	22743	-1	-1	600000	0
22744	22744	-1	-1	600000	0
22749	22749	-1	-1	600000	0
22751	22751	-1	-1	700000	0
22752	22752	-1	-1	700000	0
22753	22753	-1	-1	700000	0
22754	22754	-1	-1	700000	0
22755	22755	-1	-1	700000	0
22759	22759	-1	-1	700000	0
22761	22761	-1	-1	800000	0
22762	22762	-1	-1	800000	0
22763	22763	-1	-1	800000	0
22764	22764	-1	-1	800000	0
22765	22765	-1	-1	800000	0
22766	22766	-1	-1	800000	0
22769	22769	-1	-1	800000	0
22771	22771	25661	25662	990000	0
22772	22772	25661	25662	990000	0
22773	22773	25661	25662	990000	0
22774	22774	25661	25662	990000	0
22775	22775	25661	25662	990000	0
22776	22776	25661	25662	990000	0
22777	22777	25661	25662	990000	0
22779	22779	25661	25662	990000	0
22781	22781	25671	25672	990000	0
22782	22782	25671	25672	990000	0
22783	22783	25671	25672	990000	0
22784	22784	25671	25672	990000	0
22785	22785	25671	25672	990000	0
22786	22786	25671	25672	990000	0
22787	22787	25671	25672	990000	0
22788	22788	25671	25672	990000	0
22789	22789	25671	25672	990000	0
22791	22791	-1	-1	100000	0
22792	22792	-1	-1	100000	0
22799	22799	-1	-1	100000	0
22801	22801	-1	-1	500000	0
22802	22802	-1	-1	500000	0
22803	22803	-1	-1	500000	0
22809	22809	-1	-1	500000	0
22811	22811	-1	-1	600000	0
22812	22812	-1	-1	600000	0
22813	22813	-1	-1	600000	0
22814	22814	-1	-1	600000	0
22819	22819	-1	-1	600000	0
22821	22821	-1	-1	700000	0
22822	22822	-1	-1	700000	0
22823	22823	-1	-1	700000	0
22824	22824	-1	-1	700000	0
22825	22825	-1	-1	700000	0
22829	22829	-1	-1	700000	0
22831	22831	-1	-1	800000	0
22832	22832	-1	-1	800000	0
22833	22833	-1	-1	800000	0
22834	22834	-1	-1	800000	0
22835	22835	-1	-1	800000	0
22836	22836	-1	-1	800000	0
22839	22839	-1	-1	800000	0
22841	22841	25681	25682	990000	0
22842	22842	25681	25682	990000	0
22843	22843	25681	25682	990000	0
22844	22844	25681	25682	990000	0
22845	22845	25681	25682	990000	0
22846	22846	25681	25682	990000	0
22847	22847	25681	25682	990000	0
22849	22849	25681	25682	990000	0
22851	22851	25691	25692	990000	0
22852	22852	25691	25692	990000	0
22853	22853	25691	25692	990000	0
22854	22854	25691	25692	990000	0
22855	22855	25691	25692	990000	0
22856	22856	25691	25692	990000	0
22857	22857	25691	25692	990000	0
22858	22858	25691	25692	990000	0
22859	22859	25691	25692	990000	0
22861	22861	-1	-1	100000	0
22862	22862	-1	-1	100000	0
22869	22869	-1	-1	100000	0
22871	22871	-1	-1	500000	0
22872	22872	-1	-1	500000	0
22873	22873	-1	-1	500000	0
22879	22879	-1	-1	500000	0
22881	22881	-1	-1	600000	0
22882	22882	-1	-1	600000	0
22883	22883	-1	-1	600000	0
22884	22884	-1	-1	600000	0
22889	22889	-1	-1	600000	0
22891	22891	-1	-1	700000	0
22892	22892	-1	-1	700000	0
22893	22893	-1	-1	700000	0
22894	22894	-1	-1	700000	0
22895	22895	-1	-1	700000	0
22899	22899	-1	-1	700000	0
22901	22901	-1	-1	800000	0
22902	22902	-1	-1	800000	0
22903	22903	-1	-1	800000	0
22904	22904	-1	-1	800000	0
22905	22905	-1	-1	800000	0
22906	22906	-1	-1	800000	0
22909	22909	-1	-1	800000	0
22911	22911	25701	25702	990000	0
22912	22912	25701	25702	990000	0
22913	22913	25701	25702	990000	0
22914	22914	25701	25702	990000	0
22915	22915	25701	25702	990000	0
22916	22916	25701	25702	990000	0
22917	22917	25701	25702	990000	0
22919	22919	25701	25702	990000	0
22921	22921	25711	25712	990000	0
22922	22922	25711	25712	990000	0
22923	22923	25711	25712	990000	0
22924	22924	25711	25712	990000	0
22925	22925	25711	25712	990000	0
22926	22926	25711	25712	990000	0
22927	22927	25711	25712	990000	0
22928	22928	25711	25712	990000	0
22929	22929	25711	25712	990000	0
22931	22931	-1	-1	100000	0
22932	22932	-1	-1	100000	0
22939	22939	-1	-1	100000	0
22941	22941	-1	-1	100000	0
22942	22942	-1	-1	100000	0
22949	22949	-1	-1	100000	0
22951	22951	-1	-1	500000	0
22952	22952	-1	-1	500000	0
22953	22953	-1	-1	500000	0
22959	22959	-1	-1	500000	0
22961	22961	-1	-1	600000	0
22962	22962	-1	-1	600000	0
22963	22963	-1	-1	600000	0
22964	22964	-1	-1	600000	0
22969	22969	-1	-1	600000	0
22971	22971	-1	-1	700000	0
22972	22972	-1	-1	700000	0
22973	22973	-1	-1	700000	0
22974	22974	-1	-1	700000	0
22975	22975	-1	-1	700000	0
22979	22979	-1	-1	700000	0
22981	22981	-1	-1	800000	0
22982	22982	-1	-1	800000	0
22983	22983	-1	-1	800000	0
22984	22984	-1	-1	800000	0
22985	22985	-1	-1	800000	0
22986	22986	-1	-1	800000	0
22989	22989	-1	-1	800000	0
22991	22991	25241	25242	990000	0
22992	22992	25241	25242	990000	0
22993	22993	25241	25242	990000	0
22994	22994	25241	25242	990000	0
22995	22995	25241	25242	990000	0
22996	22996	25241	25242	990000	0
22997	22997	25241	25242	990000	0
22999	22999	25241	25242	990000	0
23001	23001	25551	25552	990000	0
23002	23002	25551	25552	990000	0
23003	23003	25551	25552	990000	0
23004	23004	25551	25552	990000	0
23005	23005	25551	25552	990000	0
23006	23006	25551	25552	990000	0
23007	23007	25551	25552	990000	0
23008	23008	25551	25552	990000	0
23009	23009	25551	25552	990000	0
23011	23011	-1	-1	100000	0
23012	23012	-1	-1	100000	0
23013	23013	-1	-1	100000	0
23014	23014	-1	-1	100000	0
23015	23015	-1	-1	100000	0
23016	23016	-1	-1	100000	0
23017	23017	-1	-1	100000	0
23018	23018	-1	-1	100000	0
23019	23019	-1	-1	100000	0
23021	23021	-1	-1	600000	0
23022	23022	-1	-1	600000	0
23023	23023	-1	-1	600000	0
23024	23024	-1	-1	600000	0
23025	23025	-1	-1	600000	0
23026	23026	-1	-1	600000	0
23027	23027	-1	-1	600000	0
23028	23028	-1	-1	600000	0
23029	23029	-1	-1	600000	0
23031	23031	-1	-1	990000	0
23032	23032	-1	-1	990000	0
23033	23033	-1	-1	990000	0
23034	23034	-1	-1	990000	0
23035	23035	-1	-1	990000	0
23036	23036	-1	-1	990000	0
23037	23037	-1	-1	990000	0
23038	23038	-1	-1	990000	0
23039	23039	-1	-1	990000	0
23041	23041	-1	-1	100000	0
23042	23042	-1	-1	100000	0
23049	23049	-1	-1	100000	0
23051	23051	-1	-1	500000	0
23052	23052	-1	-1	500000	0
23053	23053	-1	-1	500000	0
23059	23059	-1	-1	500000	0
23061	23061	-1	-1	600000	0
23062	23062	-1	-1	600000	0
23063	23063	-1	-1	600000	0
23064	23064	-1	-1	600000	0
23069	23069	-1	-1	600000	0
23071	23071	-1	-1	700000	0
23072	23072	-1	-1	700000	0
23073	23073	-1	-1	700000	0
23074	23074	-1	-1	700000	0
23075	23075	-1	-1	700000	0
23079	23079	-1	-1	700000	0
23081	23081	-1	-1	800000	0
23082	23082	-1	-1	800000	0
23083	23083	-1	-1	800000	0
23084	23084	-1	-1	800000	0
23085	23085	-1	-1	800000	0
23086	23086	-1	-1	800000	0
23089	23089	-1	-1	800000	0
23091	23091	25721	25722	990000	0
23092	23092	25721	25722	990000	0
23093	23093	25721	25722	990000	0
23094	23094	25721	25722	990000	0
23095	23095	25721	25722	990000	0
23096	23096	25721	25722	990000	0
23097	23097	25721	25722	990000	0
23099	23099	25721	25722	990000	0
23101	23101	25731	25732	990000	0
23102	23102	25731	25732	990000	0
23103	23103	25731	25732	990000	0
23104	23104	25731	25732	990000	0
23105	23105	25731	25732	990000	0
23106	23106	25731	25732	990000	0
23107	23107	25731	25732	990000	0
23108	23108	25731	25732	990000	0
23109	23109	25731	25732	990000	0
23111	23111	-1	-1	100000	0
23112	23112	-1	-1	100000	0
23119	23119	-1	-1	100000	0
23121	23121	-1	-1	500000	0
23122	23122	-1	-1	500000	0
23123	23123	-1	-1	500000	0
23129	23129	-1	-1	500000	0
23131	23131	-1	-1	600000	0
23132	23132	-1	-1	600000	0
23133	23133	-1	-1	600000	0
23134	23134	-1	-1	600000	0
23139	23139	-1	-1	600000	0
23141	23141	-1	-1	700000	0
23142	23142	-1	-1	700000	0
23143	23143	-1	-1	700000	0
23144	23144	-1	-1	700000	0
23145	23145	-1	-1	700000	0
23149	23149	-1	-1	700000	0
23151	23151	-1	-1	800000	0
23152	23152	-1	-1	800000	0
23153	23153	-1	-1	800000	0
23154	23154	-1	-1	800000	0
23155	23155	-1	-1	800000	0
23156	23156	-1	-1	800000	0
23159	23159	-1	-1	800000	0
23161	23161	25741	25742	990000	0
23162	23162	25741	25742	990000	0
23163	23163	25741	25742	990000	0
23164	23164	25741	25742	990000	0
23165	23165	25741	25742	990000	0
23166	23166	25741	25742	990000	0
23167	23167	25741	25742	990000	0
23169	23169	25741	25742	990000	0
23171	23171	25751	25752	990000	0
23172	23172	25751	25752	990000	0
23173	23173	25751	25752	990000	0
23174	23174	25751	25752	990000	0
23175	23175	25751	25752	990000	0
23176	23176	25751	25752	990000	0
23177	23177	25751	25752	990000	0
23178	23178	25751	25752	990000	0
23179	23179	25751	25752	990000	0
23181	23181	-1	-1	100000	0
23182	23182	-1	-1	100000	0
23189	23189	-1	-1	100000	0
23191	23191	-1	-1	500000	0
23192	23192	-1	-1	500000	0
23193	23193	-1	-1	500000	0
23199	23199	-1	-1	500000	0
23201	23201	-1	-1	600000	0
23202	23202	-1	-1	600000	0
23203	23203	-1	-1	600000	0
23204	23204	-1	-1	600000	0
23209	23209	-1	-1	600000	0
23211	23211	-1	-1	700000	0
23212	23212	-1	-1	700000	0
23213	23213	-1	-1	700000	0
23214	23214	-1	-1	700000	0
23215	23215	-1	-1	700000	0
23219	23219	-1	-1	700000	0
23221	23221	-1	-1	800000	0
23222	23222	-1	-1	800000	0
23223	23223	-1	-1	800000	0
23224	23224	-1	-1	800000	0
23225	23225	-1	-1	800000	0
23226	23226	-1	-1	800000	0
23229	23229	-1	-1	800000	0
23231	23231	25771	25772	990000	0
23232	23232	25771	25772	990000	0
23233	23233	25771	25772	990000	0
23234	23234	25771	25772	990000	0
23235	23235	25771	25772	990000	0
23236	23236	25771	25772	990000	0
23237	23237	25771	25772	990000	0
23239	23239	25771	25772	990000	0
23241	23241	25781	25782	990000	0
23242	23242	25781	25782	990000	0
23243	23243	25781	25782	990000	0
23244	23244	25781	25782	990000	0
23245	23245	25781	25782	990000	0
23246	23246	25781	25782	990000	0
23247	23247	25781	25782	990000	0
23248	23248	25781	25782	990000	0
23249	23249	25781	25782	990000	0
23251	23251	-1	-1	100000	0
23252	23252	-1	-1	100000	0
23259	23259	-1	-1	100000	0
23261	23261	-1	-1	500000	0
23262	23262	-1	-1	500000	0
23263	23263	-1	-1	500000	0
23269	23269	-1	-1	500000	0
23271	23271	-1	-1	600000	0
23272	23272	-1	-1	600000	0
23273	23273	-1	-1	600000	0
23274	23274	-1	-1	600000	0
23279	23279	-1	-1	600000	0
23281	23281	-1	-1	700000	0
23282	23282	-1	-1	700000	0
23283	23283	-1	-1	700000	0
23284	23284	-1	-1	700000	0
23285	23285	-1	-1	700000	0
23289	23289	-1	-1	700000	0
23291	23291	-1	-1	800000	0
23292	23292	-1	-1	800000	0
23293	23293	-1	-1	800000	0
23294	23294	-1	-1	800000	0
23295	23295	-1	-1	800000	0
23296	23296	-1	-1	800000	0
23299	23299	-1	-1	800000	0
23301	23301	25791	25792	990000	0
23302	23302	25791	25792	990000	0
23303	23303	25791	25792	990000	0
23304	23304	25791	25792	990000	0
23305	23305	25791	25792	990000	0
23306	23306	25791	25792	990000	0
23307	23307	25791	25792	990000	0
23309	23309	25791	25792	990000	0
23311	23311	25801	25802	990000	0
23312	23312	25801	25802	990000	0
23313	23313	25801	25802	990000	0
23314	23314	25801	25802	990000	0
23315	23315	25801	25802	990000	0
23316	23316	25801	25802	990000	0
23317	23317	25801	25802	990000	0
23318	23318	25801	25802	990000	0
23319	23319	25801	25802	990000	0
23331	23331	-1	-1	100000	0
23332	23332	-1	-1	100000	0
23339	23339	-1	-1	100000	0
23341	23341	-1	-1	500000	0
23342	23342	-1	-1	500000	0
23343	23343	-1	-1	500000	0
23349	23349	-1	-1	500000	0
23351	23351	-1	-1	600000	0
23352	23352	-1	-1	600000	0
23353	23353	-1	-1	600000	0
23354	23354	-1	-1	600000	0
23359	23359	-1	-1	600000	0
23361	23361	-1	-1	700000	0
23362	23362	-1	-1	700000	0
23363	23363	-1	-1	700000	0
23364	23364	-1	-1	700000	0
23365	23365	-1	-1	700000	0
23369	23369	-1	-1	700000	0
23371	23371	-1	-1	800000	0
23372	23372	-1	-1	800000	0
23373	23373	-1	-1	800000	0
23374	23374	-1	-1	800000	0
23375	23375	-1	-1	800000	0
23376	23376	-1	-1	800000	0
23379	23379	-1	-1	800000	0
23381	23381	25811	25812	990000	0
23382	23382	25811	25812	990000	0
23383	23383	25811	25812	990000	0
23384	23384	25811	25812	990000	0
23385	23385	25811	25812	990000	0
23386	23386	25811	25812	990000	0
23387	23387	25811	25812	990000	0
23389	23389	25811	25812	990000	0
23391	23391	25821	25822	990000	0
23392	23392	25821	25822	990000	0
23393	23393	25821	25822	990000	0
23394	23394	25821	25822	990000	0
23395	23395	25821	25822	990000	0
23396	23396	25821	25822	990000	0
23397	23397	25821	25822	990000	0
23398	23398	25821	25822	990000	0
23399	23399	25821	25822	990000	0
23401	23401	-1	-1	100000	0
23402	23402	-1	-1	100000	0
23409	23409	-1	-1	100000	0
23411	23411	-1	-1	500000	0
23412	23412	-1	-1	500000	0
23413	23413	-1	-1	500000	0
23419	23419	-1	-1	500000	0
23421	23421	-1	-1	600000	0
23422	23422	-1	-1	600000	0
23423	23423	-1	-1	600000	0
23424	23424	-1	-1	600000	0
23429	23429	-1	-1	600000	0
23431	23431	-1	-1	700000	0
23432	23432	-1	-1	700000	0
23433	23433	-1	-1	700000	0
23434	23434	-1	-1	700000	0
23435	23435	-1	-1	700000	0
23439	23439	-1	-1	700000	0
23441	23441	-1	-1	800000	0
23442	23442	-1	-1	800000	0
23443	23443	-1	-1	800000	0
23444	23444	-1	-1	800000	0
23445	23445	-1	-1	800000	0
23446	23446	-1	-1	800000	0
23449	23449	-1	-1	800000	0
23451	23451	25831	25832	990000	0
23452	23452	25831	25832	990000	0
23453	23453	25831	25832	990000	0
23454	23454	25831	25832	990000	0
23455	23455	25831	25832	990000	0
23456	23456	25831	25832	990000	0
23457	23457	25831	25832	990000	0
23459	23459	25831	25832	990000	0
23461	23461	25841	25842	990000	0
23462	23462	25841	25842	990000	0
23463	23463	25841	25842	990000	0
23464	23464	25841	25842	990000	0
23465	23465	25841	25842	990000	0
23466	23466	25841	25842	990000	0
23467	23467	25841	25842	990000	0
23468	23468	25841	25842	990000	0
23469	23469	25841	25842	990000	0
23471	23471	-1	-1	300000	0
23472	23472	-1	-1	300000	0
23479	23479	-1	-1	300000	0
23491	23491	-1	-1	300000	0
23492	23492	-1	-1	300000	0
23499	23499	-1	-1	300000	0
23501	23501	-1	-1	500000	0
23502	23502	-1	-1	500000	0
23503	23503	-1	-1	500000	0
23509	23509	-1	-1	500000	0
23511	23511	-1	-1	600000	0
23512	23512	-1	-1	600000	0
23513	23513	-1	-1	600000	0
23514	23514	-1	-1	600000	0
23519	23519	-1	-1	600000	0
23521	23521	-1	-1	700000	0
23522	23522	-1	-1	700000	0
23523	23523	-1	-1	700000	0
23524	23524	-1	-1	700000	0
23525	23525	-1	-1	700000	0
23529	23529	-1	-1	700000	0
23531	23531	-1	-1	800000	0
23532	23532	-1	-1	800000	0
23533	23533	-1	-1	800000	0
23534	23534	-1	-1	800000	0
23535	23535	-1	-1	800000	0
23536	23536	-1	-1	800000	0
23539	23539	-1	-1	800000	0
23541	23541	25851	25852	990000	0
23542	23542	25851	25852	990000	0
23543	23543	25851	25852	990000	0
23544	23544	25851	25852	990000	0
23545	23545	25851	25852	990000	0
23546	23546	25851	25852	990000	0
23547	23547	25851	25852	990000	0
23549	23549	25851	25852	990000	0
23551	23551	25861	25862	990000	0
23552	23552	25861	25862	990000	0
23553	23553	25861	25862	990000	0
23554	23554	25861	25862	990000	0
23555	23555	25861	25862	990000	0
23556	23556	25861	25862	990000	0
23557	23557	25861	25862	990000	0
23558	23558	25861	25862	990000	0
23559	23559	25861	25862	990000	0
23561	23561	-1	-1	100000	0
23562	23562	-1	-1	100000	0
23569	23569	-1	-1	100000	0
23571	23571	-1	-1	500000	0
23572	23572	-1	-1	500000	0
23573	23573	-1	-1	500000	0
23579	23579	-1	-1	500000	0
23581	23581	-1	-1	600000	0
23582	23582	-1	-1	600000	0
23583	23583	-1	-1	600000	0
23584	23584	-1	-1	600000	0
23589	23589	-1	-1	600000	0
23591	23591	-1	-1	700000	0
23592	23592	-1	-1	700000	0
23593	23593	-1	-1	700000	0
23594	23594	-1	-1	700000	0
23595	23595	-1	-1	700000	0
23599	23599	-1	-1	700000	0
23601	23601	-1	-1	800000	0
23602	23602	-1	-1	800000	0
23603	23603	-1	-1	800000	0
23604	23604	-1	-1	800000	0
23605	23605	-1	-1	800000	0
23606	23606	-1	-1	800000	0
23609	23609	-1	-1	800000	0
23611	23611	25871	25872	990000	0
23612	23612	25871	25872	990000	0
23613	23613	25871	25872	990000	0
23614	23614	25871	25872	990000	0
23615	23615	25871	25872	990000	0
23616	23616	25871	25872	990000	0
23617	23617	25871	25872	990000	0
23619	23619	25871	25872	990000	0
23621	23621	25881	25882	990000	0
23622	23622	25881	25882	990000	0
23623	23623	25881	25882	990000	0
23624	23624	25881	25882	990000	0
23625	23625	25881	25882	990000	0
23626	23626	25881	25882	990000	0
23627	23627	25881	25882	990000	0
23628	23628	25881	25882	990000	0
23629	23629	25881	25882	990000	0
23631	23631	-1	-1	100000	0
23632	23632	-1	-1	100000	0
23639	23639	-1	-1	100000	0
23641	23641	-1	-1	500000	0
23642	23642	-1	-1	500000	0
23643	23643	-1	-1	500000	0
23649	23649	-1	-1	500000	0
23651	23651	-1	-1	600000	0
23652	23652	-1	-1	600000	0
23653	23653	-1	-1	600000	0
23654	23654	-1	-1	600000	0
23659	23659	-1	-1	600000	0
23661	23661	-1	-1	700000	0
23662	23662	-1	-1	700000	0
23663	23663	-1	-1	700000	0
23664	23664	-1	-1	700000	0
23665	23665	-1	-1	700000	0
23669	23669	-1	-1	700000	0
23671	23671	-1	-1	800000	0
23672	23672	-1	-1	800000	0
23673	23673	-1	-1	800000	0
23674	23674	-1	-1	800000	0
23675	23675	-1	-1	800000	0
23676	23676	-1	-1	800000	0
23679	23679	-1	-1	800000	0
23681	23681	25891	25892	990000	0
23682	23682	25891	25892	990000	0
23683	23683	25891	25892	990000	0
23684	23684	25891	25892	990000	0
23685	23685	25891	25892	990000	0
23686	23686	25891	25892	990000	0
23687	23687	25891	25892	990000	0
23689	23689	25891	25892	990000	0
23691	23691	25901	25902	990000	0
23692	23692	25901	25902	990000	0
23693	23693	25901	25902	990000	0
23694	23694	25901	25902	990000	0
23695	23695	25901	25902	990000	0
23696	23696	25901	25902	990000	0
23697	23697	25901	25902	990000	0
23698	23698	25901	25902	990000	0
23699	23699	25901	25902	990000	0
23701	23701	-1	-1	100000	0
23702	23702	-1	-1	100000	0
23709	23709	-1	-1	100000	0
23711	23711	-1	-1	100000	0
23712	23712	-1	-1	100000	0
23719	23719	-1	-1	100000	0
23721	23721	-1	-1	500000	0
23722	23722	-1	-1	500000	0
23723	23723	-1	-1	500000	0
23729	23729	-1	-1	500000	0
23731	23731	-1	-1	600000	0
23732	23732	-1	-1	600000	0
23733	23733	-1	-1	600000	0
23734	23734	-1	-1	600000	0
23739	23739	-1	-1	600000	0
23741	23741	-1	-1	700000	0
23742	23742	-1	-1	700000	0
23743	23743	-1	-1	700000	0
23744	23744	-1	-1	700000	0
23745	23745	-1	-1	700000	0
23749	23749	-1	-1	700000	0
23751	23751	-1	-1	800000	0
23752	23752	-1	-1	800000	0
23753	23753	-1	-1	800000	0
23754	23754	-1	-1	800000	0
23755	23755	-1	-1	800000	0
23756	23756	-1	-1	800000	0
23759	23759	-1	-1	800000	0
23761	23761	25911	25912	990000	0
23762	23762	25911	25912	990000	0
23763	23763	25911	25912	990000	0
23764	23764	25911	25912	990000	0
23765	23765	25911	25912	990000	0
23766	23766	25911	25912	990000	0
23767	23767	25911	25912	990000	0
23769	23769	25911	25912	990000	0
23771	23771	25921	25922	990000	0
23772	23772	25921	25922	990000	0
23773	23773	25921	25922	990000	0
23774	23774	25921	25922	990000	0
23775	23775	25921	25922	990000	0
23776	23776	25921	25922	990000	0
23777	23777	25921	25922	990000	0
23778	23778	25921	25922	990000	0
23779	23779	25921	25922	990000	0
23781	23781	-1	-1	500000	0
23782	23782	-1	-1	500000	0
23783	23783	-1	-1	500000	0
23789	23789	-1	-1	500000	0
23791	23791	-1	-1	600000	0
23792	23792	-1	-1	600000	0
23793	23793	-1	-1	600000	0
23794	23794	-1	-1	600000	0
23799	23799	-1	-1	600000	0
23801	23801	-1	-1	700000	0
23802	23802	-1	-1	700000	0
23803	23803	-1	-1	700000	0
23804	23804	-1	-1	700000	0
23805	23805	-1	-1	700000	0
23809	23809	-1	-1	700000	0
23811	23811	-1	-1	800000	0
23812	23812	-1	-1	800000	0
23813	23813	-1	-1	800000	0
23814	23814	-1	-1	800000	0
23815	23815	-1	-1	800000	0
23816	23816	-1	-1	800000	0
23819	23819	-1	-1	800000	0
23821	23821	25941	25942	990000	0
23822	23822	25941	25942	990000	0
23823	23823	25941	25942	990000	0
23824	23824	25941	25942	990000	0
23825	23825	25941	25942	990000	0
23826	23826	25941	25942	990000	0
23827	23827	25941	25942	990000	0
23829	23829	25941	25942	990000	0
23831	23831	25951	25952	990000	0
23832	23832	25951	25952	990000	0
23833	23833	25951	25952	990000	0
23834	23834	25951	25952	990000	0
23835	23835	25951	25952	990000	0
23836	23836	25951	25952	990000	0
23837	23837	25951	25952	990000	0
23838	23838	25951	25952	990000	0
23839	23839	25951	25952	990000	0
23841	23841	-1	-1	100000	0
23842	23842	-1	-1	100000	0
23849	23849	-1	-1	100000	0
23851	23851	-1	-1	500000	0
23852	23852	-1	-1	500000	0
23853	23853	-1	-1	500000	0
23859	23859	-1	-1	500000	0
23861	23861	-1	-1	600000	0
23862	23862	-1	-1	600000	0
23863	23863	-1	-1	600000	0
23864	23864	-1	-1	600000	0
23869	23869	-1	-1	600000	0
23871	23871	-1	-1	700000	0
23872	23872	-1	-1	700000	0
23873	23873	-1	-1	700000	0
23874	23874	-1	-1	700000	0
23875	23875	-1	-1	700000	0
23879	23879	-1	-1	700000	0
23881	23881	-1	-1	800000	0
23882	23882	-1	-1	800000	0
23883	23883	-1	-1	800000	0
23884	23884	-1	-1	800000	0
23885	23885	-1	-1	800000	0
23886	23886	-1	-1	800000	0
23889	23889	-1	-1	800000	0
23891	23891	25961	25962	990000	0
23892	23892	25961	25962	990000	0
23893	23893	25961	25962	990000	0
23894	23894	25961	25962	990000	0
23895	23895	25961	25962	990000	0
23896	23896	25961	25962	990000	0
23897	23897	25961	25962	990000	0
23899	23899	25961	25962	990000	0
23901	23901	25971	25972	990000	0
23902	23902	25971	25972	990000	0
23903	23903	25971	25972	990000	0
23904	23904	25971	25972	990000	0
23905	23905	25971	25972	990000	0
23906	23906	25971	25972	990000	0
23907	23907	25971	25972	990000	0
23908	23908	25971	25972	990000	0
23909	23909	25971	25972	990000	0
23911	23911	-1	-1	100000	0
23912	23912	-1	-1	100000	0
23919	23919	-1	-1	100000	0
23921	23921	-1	-1	500000	0
23922	23922	-1	-1	500000	0
23923	23923	-1	-1	500000	0
23929	23929	-1	-1	500000	0
23931	23931	-1	-1	600000	0
23932	23932	-1	-1	600000	0
23933	23933	-1	-1	600000	0
23934	23934	-1	-1	600000	0
23939	23939	-1	-1	600000	0
23941	23941	-1	-1	700000	0
23942	23942	-1	-1	700000	0
23943	23943	-1	-1	700000	0
23944	23944	-1	-1	700000	0
23945	23945	-1	-1	700000	0
23949	23949	-1	-1	700000	0
23951	23951	-1	-1	800000	0
23952	23952	-1	-1	800000	0
23953	23953	-1	-1	800000	0
23954	23954	-1	-1	800000	0
23955	23955	-1	-1	800000	0
23956	23956	-1	-1	800000	0
23959	23959	-1	-1	800000	0
23961	23961	25981	25982	990000	0
23962	23962	25981	25982	990000	0
23963	23963	25981	25982	990000	0
23964	23964	25981	25982	990000	0
23965	23965	25981	25982	990000	0
23966	23966	25981	25982	990000	0
23967	23967	25981	25982	990000	0
23969	23969	25981	25982	990000	0
23971	23971	25991	25992	990000	0
23972	23972	25991	25992	990000	0
23973	23973	25991	25992	990000	0
23974	23974	25991	25992	990000	0
23975	23975	25991	25992	990000	0
23976	23976	25991	25992	990000	0
23977	23977	25991	25992	990000	0
23978	23978	25991	25992	990000	0
23979	23979	25991	25992	990000	0
23981	23981	-1	-1	100000	0
23982	23982	-1	-1	100000	0
23989	23989	-1	-1	100000	0
23991	23991	-1	-1	500000	0
23992	23992	-1	-1	500000	0
23993	23993	-1	-1	500000	0
23999	23999	-1	-1	500000	0
24001	24001	-1	-1	600000	0
24002	24002	-1	-1	600000	0
24003	24003	-1	-1	600000	0
24004	24004	-1	-1	600000	0
24009	24009	-1	-1	600000	0
24011	24011	-1	-1	700000	0
24012	24012	-1	-1	700000	0
24013	24013	-1	-1	700000	0
24014	24014	-1	-1	700000	0
24015	24015	-1	-1	700000	0
24019	24019	-1	-1	700000	0
24021	24021	-1	-1	800000	0
24022	24022	-1	-1	800000	0
24023	24023	-1	-1	800000	0
24024	24024	-1	-1	800000	0
24025	24025	-1	-1	800000	0
24026	24026	-1	-1	800000	0
24029	24029	-1	-1	800000	0
24031	24031	26001	26002	990000	0
24032	24032	26001	26002	990000	0
24033	24033	26001	26002	990000	0
24034	24034	26001	26002	990000	0
24035	24035	26001	26002	990000	0
24036	24036	26001	26002	990000	0
24037	24037	26001	26002	990000	0
24039	24039	26001	26002	990000	0
24041	24041	26011	26012	990000	0
24042	24042	26011	26012	990000	0
24043	24043	26011	26012	990000	0
24044	24044	26011	26012	990000	0
24045	24045	26011	26012	990000	0
24046	24046	26011	26012	990000	0
24047	24047	26011	26012	990000	0
24048	24048	26011	26012	990000	0
24049	24049	26011	26012	990000	0
24051	24051	-1	-1	100000	0
24052	24052	-1	-1	100000	0
24059	24059	-1	-1	100000	0
24061	24061	-1	-1	500000	0
24062	24062	-1	-1	500000	0
24063	24063	-1	-1	500000	0
24069	24069	-1	-1	500000	0
24071	24071	-1	-1	600000	0
24072	24072	-1	-1	600000	0
24073	24073	-1	-1	600000	0
24074	24074	-1	-1	600000	0
24079	24079	-1	-1	600000	0
24091	24091	-1	-1	800000	0
24092	24092	-1	-1	800000	0
24093	24093	-1	-1	800000	0
24094	24094	-1	-1	800000	0
24095	24095	-1	-1	800000	0
24096	24096	-1	-1	800000	0
24099	24099	-1	-1	800000	0
24101	24101	26021	26022	990000	0
24102	24102	26021	26022	990000	0
24103	24103	26021	26022	990000	0
24104	24104	26021	26022	990000	0
24105	24105	26021	26022	990000	0
24106	24106	26021	26022	990000	0
24107	24107	26021	26022	990000	0
24109	24109	26021	26022	990000	0
24111	24111	26031	26032	990000	0
24112	24112	26031	26032	990000	0
24113	24113	26031	26032	990000	0
24114	24114	26031	26032	990000	0
24115	24115	26031	26032	990000	0
24116	24116	26031	26032	990000	0
24117	24117	26031	26032	990000	0
24118	24118	26031	26032	990000	0
24119	24119	26031	26032	990000	0
24121	24121	-1	-1	100000	0
24122	24122	-1	-1	100000	0
24129	24129	-1	-1	100000	0
24131	24131	-1	-1	500000	0
24132	24132	-1	-1	500000	0
24133	24133	-1	-1	500000	0
24139	24139	-1	-1	500000	0
24141	24141	-1	-1	600000	0
24142	24142	-1	-1	600000	0
24143	24143	-1	-1	600000	0
24144	24144	-1	-1	600000	0
24149	24149	-1	-1	600000	0
24151	24151	-1	-1	700000	0
24152	24152	-1	-1	700000	0
24153	24153	-1	-1	700000	0
24154	24154	-1	-1	700000	0
24155	24155	-1	-1	700000	0
24159	24159	-1	-1	700000	0
24161	24161	-1	-1	800000	0
24162	24162	-1	-1	800000	0
24163	24163	-1	-1	800000	0
24164	24164	-1	-1	800000	0
24165	24165	-1	-1	800000	0
24166	24166	-1	-1	800000	0
24169	24169	-1	-1	800000	0
24171	24171	26041	26042	990000	0
24172	24172	26041	26042	990000	0
24173	24173	26041	26042	990000	0
24174	24174	26041	26042	990000	0
24175	24175	26041	26042	990000	0
24176	24176	26041	26042	990000	0
24177	24177	26041	26042	990000	0
24179	24179	26041	26042	990000	0
24181	24181	26051	26052	990000	0
24182	24182	26051	26052	990000	0
24183	24183	26051	26052	990000	0
24184	24184	26051	26052	990000	0
24185	24185	26051	26052	990000	0
24186	24186	26051	26052	990000	0
24187	24187	26051	26052	990000	0
24188	24188	26051	26052	990000	0
24189	24189	26051	26052	990000	0
24191	24191	-1	-1	100000	0
24192	24192	-1	-1	100000	0
24199	24199	-1	-1	100000	0
24201	24201	-1	-1	500000	0
24202	24202	-1	-1	500000	0
24203	24203	-1	-1	500000	0
24209	24209	-1	-1	500000	0
24211	24211	-1	-1	600000	0
24212	24212	-1	-1	600000	0
24213	24213	-1	-1	600000	0
24214	24214	-1	-1	600000	0
24219	24219	-1	-1	600000	0
24221	24221	-1	-1	700000	0
24222	24222	-1	-1	700000	0
24223	24223	-1	-1	700000	0
24224	24224	-1	-1	700000	0
24225	24225	-1	-1	700000	0
24229	24229	-1	-1	700000	0
24231	24231	-1	-1	800000	0
24232	24232	-1	-1	800000	0
24233	24233	-1	-1	800000	0
24234	24234	-1	-1	800000	0
24235	24235	-1	-1	800000	0
24236	24236	-1	-1	800000	0
24239	24239	-1	-1	800000	0
24241	24241	26061	26062	990000	0
24242	24242	26061	26062	990000	0
24243	24243	26061	26062	990000	0
24244	24244	26061	26062	990000	0
24245	24245	26061	26062	990000	0
24246	24246	26061	26062	990000	0
24247	24247	26061	26062	990000	0
24249	24249	26061	26062	990000	0
24251	24251	26071	26072	990000	0
24252	24252	26071	26072	990000	0
24253	24253	26071	26072	990000	0
24254	24254	26071	26072	990000	0
24255	24255	26071	26072	990000	0
24256	24256	26071	26072	990000	0
24257	24257	26071	26072	990000	0
24258	24258	26071	26072	990000	0
24259	24259	26071	26072	990000	0
24261	24261	-1	-1	100000	0
24262	24262	-1	-1	100000	0
24269	24269	-1	-1	100000	0
24271	24271	-1	-1	500000	0
24272	24272	-1	-1	500000	0
24273	24273	-1	-1	500000	0
24279	24279	-1	-1	500000	0
24281	24281	-1	-1	600000	0
24282	24282	-1	-1	600000	0
24283	24283	-1	-1	600000	0
24284	24284	-1	-1	600000	0
24289	24289	-1	-1	600000	0
24291	24291	-1	-1	700000	0
24292	24292	-1	-1	700000	0
24293	24293	-1	-1	700000	0
24294	24294	-1	-1	700000	0
24295	24295	-1	-1	700000	0
24299	24299	-1	-1	700000	0
24301	24301	-1	-1	800000	0
24302	24302	-1	-1	800000	0
24303	24303	-1	-1	800000	0
24304	24304	-1	-1	800000	0
24305	24305	-1	-1	800000	0
24306	24306	-1	-1	800000	0
24309	24309	-1	-1	800000	0
24311	24311	26081	26082	990000	0
24312	24312	26081	26082	990000	0
24313	24313	26081	26082	990000	0
24314	24314	26081	26082	990000	0
24315	24315	26081	26082	990000	0
24316	24316	26081	26082	990000	0
24317	24317	26081	26082	990000	0
24319	24319	26081	26082	990000	0
24321	24321	26091	26092	990000	0
24322	24322	26091	26092	990000	0
24323	24323	26091	26092	990000	0
24324	24324	26091	26092	990000	0
24325	24325	26091	26092	990000	0
24326	24326	26091	26092	990000	0
24327	24327	26091	26092	990000	0
24328	24328	26091	26092	990000	0
24329	24329	26091	26092	990000	0
24331	24331	-1	-1	100000	0
24332	24332	-1	-1	100000	0
24339	24339	-1	-1	100000	0
24341	24341	-1	-1	500000	0
24342	24342	-1	-1	500000	0
24343	24343	-1	-1	500000	0
24349	24349	-1	-1	500000	0
24351	24351	-1	-1	600000	0
24352	24352	-1	-1	600000	0
24353	24353	-1	-1	600000	0
24354	24354	-1	-1	600000	0
24359	24359	-1	-1	600000	0
24361	24361	-1	-1	700000	0
24362	24362	-1	-1	700000	0
24363	24363	-1	-1	700000	0
24364	24364	-1	-1	700000	0
24365	24365	-1	-1	700000	0
24369	24369	-1	-1	700000	0
24371	24371	-1	-1	800000	0
24372	24372	-1	-1	800000	0
24373	24373	-1	-1	800000	0
24374	24374	-1	-1	800000	0
24375	24375	-1	-1	800000	0
24376	24376	-1	-1	800000	0
24379	24379	-1	-1	800000	0
24381	24381	26101	26102	990000	0
24382	24382	26101	26102	990000	0
24383	24383	26101	26102	990000	0
24384	24384	26101	26102	990000	0
24385	24385	26101	26102	990000	0
24386	24386	26101	26102	990000	0
24387	24387	26101	26102	990000	0
24389	24389	26101	26102	990000	0
24391	24391	26111	26112	990000	0
24392	24392	26111	26112	990000	0
24393	24393	26111	26112	990000	0
24394	24394	26111	26112	990000	0
24395	24395	26111	26112	990000	0
24396	24396	26111	26112	990000	0
24397	24397	26111	26112	990000	0
24398	24398	26111	26112	990000	0
24399	24399	26111	26112	990000	0
24401	24401	-1	-1	100000	0
24402	24402	-1	-1	100000	0
24409	24409	-1	-1	100000	0
24411	24411	-1	-1	300000	0
24412	24412	-1	-1	300000	0
24419	24419	-1	-1	300000	0
24421	24421	-1	-1	100000	0
24422	24422	-1	-1	100000	0
24429	24429	-1	-1	100000	0
24431	24431	-1	-1	100000	0
24439	24439	-1	-1	100000	0
24441	24441	-1	-1	100000	0
24442	24442	-1	-1	100000	0
24449	24449	-1	-1	100000	0
24451	24451	-1	-1	800000	0
24452	24452	-1	-1	800000	0
24453	24453	-1	-1	800000	0
24454	24454	-1	-1	800000	0
24455	24455	-1	-1	800000	0
24456	24456	-1	-1	800000	0
24459	24459	-1	-1	800000	0
24461	24461	26121	26122	990000	0
24462	24462	26121	26122	990000	0
24463	24463	26121	26122	990000	0
24464	24464	26121	26122	990000	0
24465	24465	26121	26122	990000	0
24466	24466	26121	26122	990000	0
24467	24467	26121	26122	990000	0
24469	24469	26121	26122	990000	0
24471	24471	-1	-1	100000	0
24472	24472	-1	-1	100000	0
24479	24479	-1	-1	100000	0
24481	24481	-1	-1	500000	0
24482	24482	-1	-1	500000	0
24483	24483	-1	-1	500000	0
24489	24489	-1	-1	500000	0
24491	24491	-1	-1	600000	0
24492	24492	-1	-1	600000	0
24493	24493	-1	-1	600000	0
24494	24494	-1	-1	600000	0
24499	24499	-1	-1	600000	0
24501	24501	-1	-1	700000	0
24502	24502	-1	-1	700000	0
24503	24503	-1	-1	700000	0
24504	24504	-1	-1	700000	0
24505	24505	-1	-1	700000	0
24509	24509	-1	-1	700000	0
24511	24511	-1	-1	100000	0
24512	24512	-1	-1	100000	0
24519	24519	-1	-1	100000	0
24521	24521	-1	-1	500000	0
24522	24522	-1	-1	500000	0
24523	24523	-1	-1	500000	0
24529	24529	-1	-1	500000	0
24531	24531	-1	-1	600000	0
24532	24532	-1	-1	600000	0
24533	24533	-1	-1	600000	0
24534	24534	-1	-1	600000	0
24539	24539	-1	-1	600000	0
24541	24541	-1	-1	700000	0
24542	24542	-1	-1	700000	0
24543	24543	-1	-1	700000	0
24544	24544	-1	-1	700000	0
24545	24545	-1	-1	700000	0
24549	24549	-1	-1	700000	0
24551	24551	-1	-1	800000	0
24552	24552	-1	-1	800000	0
24553	24553	-1	-1	800000	0
24554	24554	-1	-1	800000	0
24555	24555	-1	-1	800000	0
24556	24556	-1	-1	800000	0
24559	24559	-1	-1	800000	0
24561	24561	26131	26132	990000	0
24562	24562	26131	26132	990000	0
24563	24563	26131	26132	990000	0
24564	24564	26131	26132	990000	0
24565	24565	26131	26132	990000	0
24566	24566	26131	26132	990000	0
24567	24567	26131	26132	990000	0
24569	24569	26131	26132	990000	0
24571	24571	26141	26142	990000	0
24572	24572	26141	26142	990000	0
24573	24573	26141	26142	990000	0
24574	24574	26141	26142	990000	0
24575	24575	26141	26142	990000	0
24576	24576	26141	26142	990000	0
24577	24577	26141	26142	990000	0
24578	24578	26141	26142	990000	0
24579	24579	26141	26142	990000	0
24581	24581	-1	-1	100000	0
24582	24582	-1	-1	100000	0
24589	24589	-1	-1	100000	0
24591	24591	-1	-1	100000	0
24592	24592	-1	-1	100000	0
24599	24599	-1	-1	100000	0
24601	24601	-1	-1	500000	0
24602	24602	-1	-1	500000	0
24603	24603	-1	-1	500000	0
24609	24609	-1	-1	500000	0
24611	24611	-1	-1	600000	0
24612	24612	-1	-1	600000	0
24613	24613	-1	-1	600000	0
24614	24614	-1	-1	600000	0
24619	24619	-1	-1	600000	0
24621	24621	-1	-1	700000	0
24622	24622	-1	-1	700000	0
24623	24623	-1	-1	700000	0
24624	24624	-1	-1	700000	0
24625	24625	-1	-1	700000	0
24629	24629	-1	-1	700000	0
24631	24631	-1	-1	800000	0
24632	24632	-1	-1	800000	0
24633	24633	-1	-1	800000	0
24634	24634	-1	-1	800000	0
24635	24635	-1	-1	800000	0
24636	24636	-1	-1	800000	0
24639	24639	-1	-1	800000	0
24641	24641	26151	26152	990000	0
24642	24642	26151	26152	990000	0
24643	24643	26151	26152	990000	0
24644	24644	26151	26152	990000	0
24645	24645	26151	26152	990000	0
24646	24646	26151	26152	990000	0
24647	24647	26151	26152	990000	0
24649	24649	26151	26152	990000	0
24651	24651	26161	26162	990000	0
24652	24652	26161	26162	990000	0
24653	24653	26161	26162	990000	0
24654	24654	26161	26162	990000	0
24655	24655	26161	26162	990000	0
24656	24656	26161	26162	990000	0
24657	24657	26161	26162	990000	0
24658	24658	26161	26162	990000	0
24659	24659	26161	26162	990000	0
24661	24661	-1	-1	100000	0
24662	24662	-1	-1	100000	0
24669	24669	-1	-1	100000	0
24671	24671	-1	-1	500000	0
24672	24672	-1	-1	500000	0
24673	24673	-1	-1	500000	0
24679	24679	-1	-1	500000	0
24681	24681	-1	-1	600000	0
24682	24682	-1	-1	600000	0
24683	24683	-1	-1	600000	0
24684	24684	-1	-1	600000	0
24689	24689	-1	-1	600000	0
24691	24691	-1	-1	700000	0
24692	24692	-1	-1	700000	0
24693	24693	-1	-1	700000	0
24694	24694	-1	-1	700000	0
24695	24695	-1	-1	700000	0
24699	24699	-1	-1	700000	0
24701	24701	-1	-1	800000	0
24702	24702	-1	-1	800000	0
24703	24703	-1	-1	800000	0
24704	24704	-1	-1	800000	0
24705	24705	-1	-1	800000	0
24706	24706	-1	-1	800000	0
24709	24709	-1	-1	800000	0
24711	24711	26171	26172	990000	0
24712	24712	26171	26172	990000	0
24713	24713	26171	26172	990000	0
24714	24714	26171	26172	990000	0
24715	24715	26171	26172	990000	0
24716	24716	26171	26172	990000	0
24717	24717	26171	26172	990000	0
24719	24719	26171	26172	990000	0
24721	24721	26181	26182	990000	0
24722	24722	26181	26182	990000	0
24723	24723	26181	26182	990000	0
24724	24724	26181	26182	990000	0
24725	24725	26181	26182	990000	0
24726	24726	26181	26182	990000	0
24727	24727	26181	26182	990000	0
24728	24728	26181	26182	990000	0
24729	24729	26181	26182	990000	0
24731	24731	-1	-1	100000	0
24732	24732	-1	-1	100000	0
24739	24739	-1	-1	100000	0
24741	24741	-1	-1	500000	0
24742	24742	-1	-1	500000	0
24743	24743	-1	-1	500000	0
24749	24749	-1	-1	500000	0
24751	24751	-1	-1	600000	0
24752	24752	-1	-1	600000	0
24753	24753	-1	-1	600000	0
24754	24754	-1	-1	600000	0
24759	24759	-1	-1	600000	0
24761	24761	-1	-1	700000	0
24762	24762	-1	-1	700000	0
24763	24763	-1	-1	700000	0
24764	24764	-1	-1	700000	0
24765	24765	-1	-1	700000	0
24769	24769	-1	-1	700000	0
24771	24771	-1	-1	800000	0
24772	24772	-1	-1	800000	0
24773	24773	-1	-1	800000	0
24774	24774	-1	-1	800000	0
24775	24775	-1	-1	800000	0
24776	24776	-1	-1	800000	0
24779	24779	-1	-1	800000	0
24781	24781	26191	26192	990000	0
24782	24782	26191	26192	990000	0
24783	24783	26191	26192	990000	0
24784	24784	26191	26192	990000	0
24785	24785	26191	26192	990000	0
24786	24786	26191	26192	990000	0
24787	24787	26191	26192	990000	0
24789	24789	26191	26192	990000	0
24791	24791	26201	26202	990000	0
24792	24792	26201	26202	990000	0
24793	24793	26201	26202	990000	0
24794	24794	26201	26202	990000	0
24795	24795	26201	26202	990000	0
24796	24796	26201	26202	990000	0
24797	24797	26201	26202	990000	0
24798	24798	26201	26202	990000	0
24799	24799	26201	26202	990000	0
24801	24801	-1	-1	300000	0
24802	24802	-1	-1	300000	0
24809	24809	-1	-1	300000	0
24811	24811	-1	-1	100000	0
24812	24812	-1	-1	100000	0
24819	24819	-1	-1	100000	0
24821	24821	-1	-1	500000	0
24822	24822	-1	-1	500000	0
24823	24823	-1	-1	500000	0
24829	24829	-1	-1	500000	0
24831	24831	-1	-1	600000	0
24832	24832	-1	-1	600000	0
24833	24833	-1	-1	600000	0
24834	24834	-1	-1	600000	0
24839	24839	-1	-1	600000	0
24841	24841	-1	-1	700000	0
24842	24842	-1	-1	700000	0
24843	24843	-1	-1	700000	0
24844	24844	-1	-1	700000	0
24845	24845	-1	-1	700000	0
24849	24849	-1	-1	700000	0
24851	24851	-1	-1	800000	0
24852	24852	-1	-1	800000	0
24853	24853	-1	-1	800000	0
24854	24854	-1	-1	800000	0
24855	24855	-1	-1	800000	0
24856	24856	-1	-1	800000	0
24859	24859	-1	-1	800000	0
24861	24861	26211	26212	990000	0
24862	24862	26211	26212	990000	0
24863	24863	26211	26212	990000	0
24864	24864	26211	26212	990000	0
24865	24865	26211	26212	990000	0
24866	24866	26211	26212	990000	0
24867	24867	26211	26212	990000	0
24869	24869	26211	26212	990000	0
24871	24871	26221	26222	990000	0
24872	24872	26221	26222	990000	0
24873	24873	26221	26222	990000	0
24874	24874	26221	26222	990000	0
24875	24875	26221	26222	990000	0
24876	24876	26221	26222	990000	0
24877	24877	26221	26222	990000	0
24878	24878	26221	26222	990000	0
24879	24879	26221	26222	990000	0
24881	24881	-1	-1	100000	0
24882	24882	-1	-1	100000	0
24889	24889	-1	-1	100000	0
24891	24891	-1	-1	500000	0
24892	24892	-1	-1	500000	0
24893	24893	-1	-1	500000	0
24899	24899	-1	-1	500000	0
24901	24901	-1	-1	600000	0
24902	24902	-1	-1	600000	0
24903	24903	-1	-1	600000	0
24904	24904	-1	-1	600000	0
24909	24909	-1	-1	600000	0
24911	24911	-1	-1	700000	0
24912	24912	-1	-1	700000	0
24913	24913	-1	-1	700000	0
24914	24914	-1	-1	700000	0
24915	24915	-1	-1	700000	0
24919	24919	-1	-1	700000	0
24921	24921	-1	-1	800000	0
24922	24922	-1	-1	800000	0
24923	24923	-1	-1	800000	0
24924	24924	-1	-1	800000	0
24925	24925	-1	-1	800000	0
24926	24926	-1	-1	800000	0
24929	24929	-1	-1	800000	0
24931	24931	26231	26232	990000	0
24932	24932	26231	26232	990000	0
24933	24933	26231	26232	990000	0
24934	24934	26231	26232	990000	0
24935	24935	26231	26232	990000	0
24936	24936	26231	26232	990000	0
24937	24937	26231	26232	990000	0
24939	24939	26231	26232	990000	0
24941	24941	26241	26242	990000	0
24942	24942	26241	26242	990000	0
24943	24943	26241	26242	990000	0
24944	24944	26241	26242	990000	0
24945	24945	26241	26242	990000	0
24946	24946	26241	26242	990000	0
24947	24947	26241	26242	990000	0
24948	24948	26241	26242	990000	0
24949	24949	26241	26242	990000	0
27001	27001	-1	-1	100000	0
27002	27002	-1	-1	100000	0
27009	27009	-1	-1	100000	0
27011	27011	-1	-1	500000	0
27012	27012	-1	-1	500000	0
27013	27013	-1	-1	500000	0
27019	27019	-1	-1	500000	0
27021	27021	-1	-1	600000	0
27022	27022	-1	-1	600000	0
27023	27023	-1	-1	600000	0
27024	27024	-1	-1	600000	0
27029	27029	-1	-1	600000	0
27031	27031	-1	-1	700000	0
27032	27032	-1	-1	700000	0
27033	27033	-1	-1	700000	0
27034	27034	-1	-1	700000	0
27035	27035	-1	-1	700000	0
27039	27039	-1	-1	700000	0
27041	27041	-1	-1	800000	0
27042	27042	-1	-1	800000	0
27043	27043	-1	-1	800000	0
27044	27044	-1	-1	800000	0
27045	27045	-1	-1	800000	0
27046	27046	-1	-1	800000	0
27049	27049	-1	-1	800000	0
27051	27051	26251	26252	990000	0
27052	27052	26251	26252	990000	0
27053	27053	26251	26252	990000	0
27054	27054	26251	26252	990000	0
27055	27055	26251	26252	990000	0
27056	27056	26251	26252	990000	0
27057	27057	26251	26252	990000	0
27059	27059	26251	26252	990000	0
27061	27061	26261	26262	990000	0
27062	27062	26261	26262	990000	0
27063	27063	26261	26262	990000	0
27064	27064	26261	26262	990000	0
27065	27065	26261	26262	990000	0
27066	27066	26261	26262	990000	0
27067	27067	26261	26262	990000	0
27068	27068	26261	26262	990000	0
27069	27069	26261	26262	990000	0
27071	27071	-1	-1	100000	0
27072	27072	-1	-1	100000	0
27079	27079	-1	-1	100000	0
27081	27081	-1	-1	500000	0
27082	27082	-1	-1	500000	0
27083	27083	-1	-1	500000	0
27089	27089	-1	-1	500000	0
27091	27091	-1	-1	600000	0
27092	27092	-1	-1	600000	0
27093	27093	-1	-1	600000	0
27094	27094	-1	-1	600000	0
27099	27099	-1	-1	600000	0
27101	27101	-1	-1	700000	0
27102	27102	-1	-1	700000	0
27103	27103	-1	-1	700000	0
27104	27104	-1	-1	700000	0
27105	27105	-1	-1	700000	0
27109	27109	-1	-1	700000	0
27111	27111	-1	-1	800000	0
27112	27112	-1	-1	800000	0
27113	27113	-1	-1	800000	0
27114	27114	-1	-1	800000	0
27115	27115	-1	-1	800000	0
27116	27116	-1	-1	800000	0
27119	27119	-1	-1	800000	0
27121	27121	26271	26272	990000	0
27122	27122	26271	26272	990000	0
27123	27123	26271	26272	990000	0
27124	27124	26271	26272	990000	0
27125	27125	26271	26272	990000	0
27126	27126	26271	26272	990000	0
27127	27127	26271	26272	990000	0
27129	27129	26271	26272	990000	0
27131	27131	26281	26282	990000	0
27132	27132	26281	26282	990000	0
27133	27133	26281	26282	990000	0
27134	27134	26281	26282	990000	0
27135	27135	26281	26282	990000	0
27136	27136	26281	26282	990000	0
27137	27137	26281	26282	990000	0
27138	27138	26281	26282	990000	0
27139	27139	26281	26282	990000	0
27141	27141	-1	-1	100000	0
27142	27142	-1	-1	100000	0
27149	27149	-1	-1	100000	0
27151	27151	-1	-1	500000	0
27152	27152	-1	-1	500000	0
27153	27153	-1	-1	500000	0
27159	27159	-1	-1	500000	0
27161	27161	-1	-1	600000	0
27162	27162	-1	-1	600000	0
27163	27163	-1	-1	600000	0
27164	27164	-1	-1	600000	0
27169	27169	-1	-1	600000	0
27171	27171	-1	-1	700000	0
27172	27172	-1	-1	700000	0
27173	27173	-1	-1	700000	0
27174	27174	-1	-1	700000	0
27175	27175	-1	-1	700000	0
27179	27179	-1	-1	700000	0
27181	27181	-1	-1	800000	0
27182	27182	-1	-1	800000	0
27183	27183	-1	-1	800000	0
27184	27184	-1	-1	800000	0
27185	27185	-1	-1	800000	0
27186	27186	-1	-1	800000	0
27189	27189	-1	-1	800000	0
27191	27191	26291	26292	990000	0
27192	27192	26291	26292	990000	0
27193	27193	26291	26292	990000	0
27194	27194	26291	26292	990000	0
27195	27195	26291	26292	990000	0
27196	27196	26291	26292	990000	0
27197	27197	26291	26292	990000	0
27199	27199	26291	26292	990000	0
27201	27201	26301	26302	990000	0
27202	27202	26301	26302	990000	0
27203	27203	26301	26302	990000	0
27204	27204	26301	26302	990000	0
27205	27205	26301	26302	990000	0
27206	27206	26301	26302	990000	0
27207	27207	26301	26302	990000	0
27208	27208	26301	26302	990000	0
27209	27209	26301	26302	990000	0
27211	27211	-1	-1	300000	0
27212	27212	-1	-1	300000	0
27219	27219	-1	-1	300000	0
27221	27221	-1	-1	100000	0
27222	27222	-1	-1	100000	0
27229	27229	-1	-1	100000	0
27231	27231	-1	-1	500000	0
27232	27232	-1	-1	500000	0
27233	27233	-1	-1	500000	0
27239	27239	-1	-1	500000	0
27241	27241	-1	-1	600000	0
27242	27242	-1	-1	600000	0
27243	27243	-1	-1	600000	0
27244	27244	-1	-1	600000	0
27249	27249	-1	-1	600000	0
27251	27251	-1	-1	700000	0
27252	27252	-1	-1	700000	0
27253	27253	-1	-1	700000	0
27254	27254	-1	-1	700000	0
27255	27255	-1	-1	700000	0
27259	27259	-1	-1	700000	0
27261	27261	-1	-1	800000	0
27262	27262	-1	-1	800000	0
27263	27263	-1	-1	800000	0
27264	27264	-1	-1	800000	0
27265	27265	-1	-1	800000	0
27266	27266	-1	-1	800000	0
27269	27269	-1	-1	800000	0
27271	27271	26311	26312	990000	0
27272	27272	26311	26312	990000	0
27273	27273	26311	26312	990000	0
27274	27274	26311	26312	990000	0
27275	27275	26311	26312	990000	0
27276	27276	26311	26312	990000	0
27277	27277	26311	26312	990000	0
27279	27279	26311	26312	990000	0
27281	27281	26321	26322	990000	0
27282	27282	26321	26322	990000	0
27283	27283	26321	26322	990000	0
27284	27284	26321	26322	990000	0
27285	27285	26321	26322	990000	0
27286	27286	26321	26322	990000	0
27287	27287	26321	26322	990000	0
27288	27288	26321	26322	990000	0
27289	27289	26321	26322	990000	0
27351	27351	-1	-1	100000	0
27352	27352	-1	-1	100000	0
27359	27359	-1	-1	100000	0
27361	27361	-1	-1	500000	0
27362	27362	-1	-1	500000	0
27363	27363	-1	-1	500000	0
27369	27369	-1	-1	500000	0
27371	27371	-1	-1	600000	0
27372	27372	-1	-1	600000	0
27373	27373	-1	-1	600000	0
27374	27374	-1	-1	600000	0
27379	27379	-1	-1	600000	0
27381	27381	-1	-1	700000	0
27382	27382	-1	-1	700000	0
27383	27383	-1	-1	700000	0
27384	27384	-1	-1	700000	0
27385	27385	-1	-1	700000	0
27389	27389	-1	-1	700000	0
27391	27391	-1	-1	800000	0
27392	27392	-1	-1	800000	0
27393	27393	-1	-1	800000	0
27394	27394	-1	-1	800000	0
27395	27395	-1	-1	800000	0
27396	27396	-1	-1	800000	0
27399	27399	-1	-1	800000	0
27401	27401	26331	26332	990000	0
27402	27402	26331	26332	990000	0
27403	27403	26331	26332	990000	0
27404	27404	26331	26332	990000	0
27405	27405	26331	26332	990000	0
27406	27406	26331	26332	990000	0
27407	27407	26331	26332	990000	0
27409	27409	26331	26332	990000	0
27411	27411	25921	25922	990000	0
27412	27412	25921	25922	990000	0
27413	27413	25921	25922	990000	0
27414	27414	25921	25922	990000	0
27415	27415	25921	25922	990000	0
27416	27416	25921	25922	990000	0
27417	27417	25921	25922	990000	0
27418	27418	25921	25922	990000	0
27419	27419	25921	25922	990000	0
27631	27631	-1	-1	100000	0
27632	27632	-1	-1	100000	0
27639	27639	-1	-1	100000	0
27641	27641	-1	-1	500000	0
27642	27642	-1	-1	500000	0
27643	27643	-1	-1	500000	0
27649	27649	-1	-1	500000	0
27651	27651	-1	-1	600000	0
27652	27652	-1	-1	600000	0
27653	27653	-1	-1	600000	0
27654	27654	-1	-1	600000	0
27659	27659	-1	-1	600000	0
27661	27661	-1	-1	700000	0
27662	27662	-1	-1	700000	0
27663	27663	-1	-1	700000	0
27664	27664	-1	-1	700000	0
27665	27665	-1	-1	700000	0
27669	27669	-1	-1	700000	0
27671	27671	-1	-1	800000	0
27672	27672	-1	-1	800000	0
27673	27673	-1	-1	800000	0
27674	27674	-1	-1	800000	0
27675	27675	-1	-1	800000	0
27676	27676	-1	-1	800000	0
27679	27679	-1	-1	800000	0
27681	27681	26361	26362	990000	0
27682	27682	26361	26362	990000	0
27683	27683	26361	26362	990000	0
27684	27684	26361	26362	990000	0
27685	27685	26361	26362	990000	0
27686	27686	26361	26362	990000	0
27687	27687	26361	26362	990000	0
27689	27689	26361	26362	990000	0
27691	27691	26371	26372	990000	0
27692	27692	26371	26372	990000	0
27693	27693	26371	26372	990000	0
27694	27694	26371	26372	990000	0
27695	27695	26371	26372	990000	0
27696	27696	26371	26372	990000	0
27697	27697	26371	26372	990000	0
27698	27698	26371	26372	990000	0
27699	27699	26371	26372	990000	0
28251	28251	-1	-1	100000	0
28252	28252	-1	-1	100000	0
28259	28259	-1	-1	100000	0
28261	28261	-1	-1	500000	0
28262	28262	-1	-1	500000	0
28263	28263	-1	-1	500000	0
28269	28269	-1	-1	500000	0
28271	28271	-1	-1	600000	0
28272	28272	-1	-1	600000	0
28273	28273	-1	-1	600000	0
28274	28274	-1	-1	600000	0
28279	28279	-1	-1	600000	0
28281	28281	-1	-1	700000	0
28282	28282	-1	-1	700000	0
28283	28283	-1	-1	700000	0
28284	28284	-1	-1	700000	0
28285	28285	-1	-1	700000	0
28289	28289	-1	-1	700000	0
28291	28291	-1	-1	800000	0
28292	28292	-1	-1	800000	0
28293	28293	-1	-1	800000	0
28294	28294	-1	-1	800000	0
28295	28295	-1	-1	800000	0
28296	28296	-1	-1	800000	0
28299	28299	-1	-1	800000	0
28301	28301	26461	26462	990000	0
28302	28302	26461	26462	990000	0
28303	28303	26461	26462	990000	0
28304	28304	26461	26462	990000	0
28305	28305	26461	26462	990000	0
28306	28306	26461	26462	990000	0
28307	28307	26461	26462	990000	0
28309	28309	26461	26462	990000	0
28311	28311	26471	26472	990000	0
28312	28312	26471	26472	990000	0
28313	28313	26471	26472	990000	0
28314	28314	26471	26472	990000	0
28315	28315	26471	26472	990000	0
28316	28316	26471	26472	990000	0
28317	28317	26471	26472	990000	0
28318	28318	26471	26472	990000	0
28319	28319	26471	26472	990000	0
