INT	INT	INT	INT	INT	INT	INT	INT	INT	INT	INT	INT	INT	INT	INT	INT	INT	INT	INT	INT
INT	INT	INT	INT	INT	INT	INT	INT	INT	INT	INT	INT	INT	INT	INT	INT	INT	INT	INT	INT
10300004	1	30505816	5	30505817	5	30505908	5	10301198	10300006	10301000	10300006	10300006	10300006	10300006	10300006	10300006	10300006	10300006	50000
10300005	1	30505817	5	30505908	5	-1	-1	10301199	10300007	10301001	10300007	10300007	10300007	10300007	10300007	10300007	10300007	10300007	50000
10300006	1	30505816	1	30505817	5	30505908	5	10300006	10300006	10300006	10300006	10300006	10300006	10300006	10300006	10300006	10300006	10300006	50000
10300007	1	30505817	1	30505908	5	-1	-1	10300007	10300007	10300007	10300007	10300007	10300007	10300007	10300007	10300007	10300007	10300007	50000
10300100	1	30505908	5	-1	-1	-1	-1	10300106	10300103	10300109	10300103	10300103	10300103	10300103	10300103	10300103	10300103	10300103	50000
10300101	1	30505908	5	-1	-1	-1	-1	10300107	10300104	10300110	10300104	10300104	10300104	10300104	10300104	10300104	10300104	10300104	50000
10300102	1	30505908	5	-1	-1	-1	-1	10300108	10300105	10300111	10300105	10300105	10300105	10300105	10300105	10300105	10300105	10300105	50000
10300103	1	30505908	1	-1	-1	-1	-1	10300103	10300103	10300103	10300103	10300103	10300103	10300103	10300103	10300103	10300103	10300103	50000
10300104	1	30505908	1	-1	-1	-1	-1	10300104	10300104	10300104	10300104	10300104	10300104	10300104	10300104	10300104	10300104	10300104	50000
10300105	1	30505908	1	-1	-1	-1	-1	10300105	10300105	10300105	10300105	10300105	10300105	10300105	10300105	10300105	10300105	10300105	50000
10300106	1	30505908	1	-1	-1	-1	-1	10300106	10300106	10300106	10300106	10300106	10300106	10300106	10300106	10300106	10300106	10300106	50000
10300107	1	30505908	1	-1	-1	-1	-1	10300107	10300107	10300107	10300107	10300107	10300107	10300107	10300107	10300107	10300107	10300107	50000
10300108	1	30505908	1	-1	-1	-1	-1	10300108	10300108	10300108	10300108	10300108	10300108	10300108	10300108	10300108	10300108	10300108	50000
10300109	1	30505908	1	-1	-1	-1	-1	10300109	10300109	10300109	10300109	10300109	10300109	10300109	10300109	10300109	10300109	10300109	50000
10300110	1	30505908	1	-1	-1	-1	-1	10300110	10300110	10300110	10300110	10300110	10300110	10300110	10300110	10300110	10300110	10300110	50000
10300111	1	30505908	1	-1	-1	-1	-1	10300111	10300111	10300111	10300111	10300111	10300111	10300111	10300111	10300111	10300111	10300111	50000
10301000	1	30505816	1	30505817	5	30505908	5	10301000	10301000	10301000	10301000	10301000	10301000	10301000	10301000	10301000	10301000	10301000	50000
10301001	1	30505817	1	30505908	5	-1	-1	10301001	10301001	10301001	10301001	10301001	10301001	10301001	10301001	10301001	10301001	10301001	50000
10301100	1	30505908	5	-1	-1	-1	-1	10301106	10301109	10301103	10301103	10301103	10301103	10301103	10301103	10301103	10301103	10301103	50000
10301101	1	30505908	5	-1	-1	-1	-1	10301107	10301110	10301104	10301104	10301104	10301104	10301104	10301104	10301104	10301104	10301104	50000
10301102	1	30505908	5	-1	-1	-1	-1	10301108	10301111	10301105	10301105	10301105	10301105	10301105	10301105	10301105	10301105	10301105	50000
10301103	1	30505908	1	-1	-1	-1	-1	10301103	10301103	10301103	10301103	10301103	10301103	10301103	10301103	10301103	10301103	10301103	50000
10301104	1	30505908	1	-1	-1	-1	-1	10301104	10301104	10301104	10301104	10301104	10301104	10301104	10301104	10301104	10301104	10301104	50000
10301105	1	30505908	1	-1	-1	-1	-1	10301105	10301105	10301105	10301105	10301105	10301105	10301105	10301105	10301105	10301105	10301105	50000
10301106	1	30505908	1	-1	-1	-1	-1	10301106	10301106	10301106	10301106	10301106	10301106	10301106	10301106	10301106	10301106	10301106	50000
10301107	1	30505908	1	-1	-1	-1	-1	10301107	10301107	10301107	10301107	10301107	10301107	10301107	10301107	10301107	10301107	10301107	50000
10301108	1	30505908	1	-1	-1	-1	-1	10301108	10301108	10301108	10301108	10301108	10301108	10301108	10301108	10301108	10301108	10301108	50000
10301109	1	30505908	1	-1	-1	-1	-1	10301109	10301109	10301109	10301109	10301109	10301109	10301109	10301109	10301109	10301109	10301109	50000
10301110	1	30505908	1	-1	-1	-1	-1	10301110	10301110	10301110	10301110	10301110	10301110	10301110	10301110	10301110	10301110	10301110	50000
10301111	1	30505908	1	-1	-1	-1	-1	10301111	10301111	10301111	10301111	10301111	10301111	10301111	10301111	10301111	10301111	10301111	50000
10301198	1	30505816	1	30505817	5	30505908	5	10301198	10301198	10301198	10301198	10301198	10301198	10301198	10301198	10301198	10301198	10301198	50000
10301199	1	30505817	1	30505908	5	-1	-1	10301199	10301199	10301199	10301199	10301199	10301199	10301199	10301199	10301199	10301199	10301199	50000
10301200	1	30505908	5	-1	-1	-1	-1	10301203	10301206	10301209	10301203	10301203	10301203	10301203	10301203	10301203	10301203	10301203	50000
10301201	1	30505908	5	-1	-1	-1	-1	10301204	10301207	10301210	10301204	10301204	10301204	10301204	10301204	10301204	10301204	10301204	50000
10301202	1	30505908	5	-1	-1	-1	-1	10301205	10301208	10301211	10301205	10301205	10301205	10301205	10301205	10301205	10301205	10301205	50000
10301203	1	30505908	1	-1	-1	-1	-1	10301203	10301203	10301203	10301203	10301203	10301203	10301203	10301203	10301203	10301203	10301203	50000
10301204	1	30505908	1	-1	-1	-1	-1	10301204	10301204	10301204	10301204	10301204	10301204	10301204	10301204	10301204	10301204	10301204	50000
10301205	1	30505908	1	-1	-1	-1	-1	10301205	10301205	10301205	10301205	10301205	10301205	10301205	10301205	10301205	10301205	10301205	50000
10301206	1	30505908	1	-1	-1	-1	-1	10301206	10301206	10301206	10301206	10301206	10301206	10301206	10301206	10301206	10301206	10301206	50000
10301207	1	30505908	1	-1	-1	-1	-1	10301207	10301207	10301207	10301207	10301207	10301207	10301207	10301207	10301207	10301207	10301207	50000
10301208	1	30505908	1	-1	-1	-1	-1	10301208	10301208	10301208	10301208	10301208	10301208	10301208	10301208	10301208	10301208	10301208	50000
10301209	1	30505908	1	-1	-1	-1	-1	10301209	10301209	10301209	10301209	10301209	10301209	10301209	10301209	10301209	10301209	10301209	50000
10301210	1	30505908	1	-1	-1	-1	-1	10301210	10301210	10301210	10301210	10301210	10301210	10301210	10301210	10301210	10301210	10301210	50000
10301211	1	30505908	1	-1	-1	-1	-1	10301211	10301211	10301211	10301211	10301211	10301211	10301211	10301211	10301211	10301211	10301211	50000
10302004	1	30505816	5	30505817	5	30505908	5	10302006	10302006	10302006	10302008	10302006	10303000	10302006	10302006	10302006	10302006	10302010	50000
10302005	1	30505817	5	30505908	5	-1	-1	10302007	10302007	10302007	10302009	10302007	10303001	10302007	10302007	10302007	10302007	10302011	50000
10302006	1	30505816	1	30505817	5	30505908	5	10302006	10302006	10302006	10302006	10302006	10302006	10302006	10302006	10302006	10302006	10302006	50000
10302007	1	30505817	1	30505908	5	-1	-1	10302007	10302007	10302007	10302007	10302007	10302007	10302007	10302007	10302007	10302007	10302007	50000
10302008	1	30505816	1	30505817	5	30505908	5	10302008	10302008	10302008	10302008	10302008	10302008	10302008	10302008	10302008	10302008	10302008	50000
10302009	1	30505817	1	30505908	5	-1	-1	10302009	10302009	10302009	10302009	10302009	10302009	10302009	10302009	10302009	10302009	10302009	50000
10302010	1	30505816	1	30505817	5	30505908	5	10302010	10302010	10302010	10302010	10302010	10302010	10302010	10302010	10302010	10302010	10302010	50000
10302011	1	30505817	1	30505908	5	-1	-1	10302011	10302011	10302011	10302011	10302011	10302011	10302011	10302011	10302011	10302011	10302011	50000
10302100	1	30505908	5	-1	-1	-1	-1	10302103	10302103	10302103	10302103	10302106	10302109	10302103	10302103	10302103	10302103	10302103	50000
10302101	1	30505908	5	-1	-1	-1	-1	10302104	10302104	10302104	10302104	10302107	10302110	10302104	10302104	10302104	10302104	10302104	50000
10302102	1	30505908	5	-1	-1	-1	-1	10302105	10302105	10302105	10302105	10302108	10302111	10302105	10302105	10302105	10302105	10302105	50000
10302103	1	30505908	1	-1	-1	-1	-1	10302103	10302103	10302103	10302103	10302103	10302103	10302103	10302103	10302103	10302103	10302103	50000
10302104	1	30505908	1	-1	-1	-1	-1	10302104	10302104	10302104	10302104	10302104	10302104	10302104	10302104	10302104	10302104	10302104	50000
10302105	1	30505908	1	-1	-1	-1	-1	10302105	10302105	10302105	10302105	10302105	10302105	10302105	10302105	10302105	10302105	10302105	50000
10302106	1	30505908	1	-1	-1	-1	-1	10302106	10302106	10302106	10302106	10302106	10302106	10302106	10302106	10302106	10302106	10302106	50000
10302107	1	30505908	1	-1	-1	-1	-1	10302107	10302107	10302107	10302107	10302107	10302107	10302107	10302107	10302107	10302107	10302107	50000
10302108	1	30505908	1	-1	-1	-1	-1	10302108	10302108	10302108	10302108	10302108	10302108	10302108	10302108	10302108	10302108	10302108	50000
10302109	1	30505908	1	-1	-1	-1	-1	10302109	10302109	10302109	10302109	10302109	10302109	10302109	10302109	10302109	10302109	10302109	50000
10302110	1	30505908	1	-1	-1	-1	-1	10302110	10302110	10302110	10302110	10302110	10302110	10302110	10302110	10302110	10302110	10302110	50000
10302111	1	30505908	1	-1	-1	-1	-1	10302111	10302111	10302111	10302111	10302111	10302111	10302111	10302111	10302111	10302111	10302111	50000
10302200	1	30505908	5	-1	-1	-1	-1	10302203	10302203	10302203	10302206	10302206	10302209	10302203	10302203	10302203	10302203	10302203	50000
10302201	1	30505908	5	-1	-1	-1	-1	10302204	10302204	10302204	10302207	10302207	10302210	10302204	10302204	10302204	10302204	10302204	50000
10302202	1	30505908	5	-1	-1	-1	-1	10302205	10302205	10302205	10302208	10302208	10302211	10302205	10302205	10302205	10302205	10302205	50000
10302203	1	30505908	1	-1	-1	-1	-1	10302203	10302203	10302203	10302203	10302203	10302203	10302203	10302203	10302203	10302203	10302203	50000
10302204	1	30505908	1	-1	-1	-1	-1	10302204	10302204	10302204	10302204	10302204	10302204	10302204	10302204	10302204	10302204	10302204	50000
10302205	1	30505908	1	-1	-1	-1	-1	10302205	10302205	10302205	10302205	10302205	10302205	10302205	10302205	10302205	10302205	10302205	50000
10302206	1	30505908	1	-1	-1	-1	-1	10302206	10302206	10302206	10302206	10302206	10302206	10302206	10302206	10302206	10302206	10302206	50000
10302207	1	30505908	1	-1	-1	-1	-1	10302207	10302207	10302207	10302207	10302207	10302207	10302207	10302207	10302207	10302207	10302207	50000
10302208	1	30505908	1	-1	-1	-1	-1	10302208	10302208	10302208	10302208	10302208	10302208	10302208	10302208	10302208	10302208	10302208	50000
10302209	1	30505908	1	-1	-1	-1	-1	10302209	10302209	10302209	10302209	10302209	10302209	10302209	10302209	10302209	10302209	10302209	50000
10302210	1	30505908	1	-1	-1	-1	-1	10302210	10302210	10302210	10302210	10302210	10302210	10302210	10302210	10302210	10302210	10302210	50000
10302211	1	30505908	1	-1	-1	-1	-1	10302211	10302211	10302211	10302211	10302211	10302211	10302211	10302211	10302211	10302211	10302211	50000
10303000	1	30505816	1	30505817	5	30505908	5	10303000	10303000	10303000	10303000	10303000	10303000	10303000	10303000	10303000	10303000	10303000	50000
10303001	1	30505817	1	30505908	5	-1	-1	10303001	10303001	10303001	10303001	10303001	10303001	10303001	10303001	10303001	10303001	10303001	50000
10303100	1	30505908	5	-1	-1	-1	-1	10303103	10303103	10303103	10303103	10303106	10303109	10303103	10303103	10303103	10303103	10303103	50000
10303101	1	30505908	5	-1	-1	-1	-1	10303104	10303104	10303104	10303104	10303107	10303110	10303104	10303104	10303104	10303104	10303104	50000
10303102	1	30505908	5	-1	-1	-1	-1	10303105	10303105	10303105	10303105	10303108	10303111	10303105	10303105	10303105	10303105	10303105	50000
10303103	1	30505908	1	-1	-1	-1	-1	10303103	10303103	10303103	10303103	10303103	10303103	10303103	10303103	10303103	10303103	10303103	50000
10303104	1	30505908	1	-1	-1	-1	-1	10303104	10303104	10303104	10303104	10303104	10303104	10303104	10303104	10303104	10303104	10303104	50000
10303105	1	30505908	1	-1	-1	-1	-1	10303105	10303105	10303105	10303105	10303105	10303105	10303105	10303105	10303105	10303105	10303105	50000
10303106	1	30505908	1	-1	-1	-1	-1	10303106	10303106	10303106	10303106	10303106	10303106	10303106	10303106	10303106	10303106	10303106	50000
10303107	1	30505908	1	-1	-1	-1	-1	10303107	10303107	10303107	10303107	10303107	10303107	10303107	10303107	10303107	10303107	10303107	50000
10303108	1	30505908	1	-1	-1	-1	-1	10303108	10303108	10303108	10303108	10303108	10303108	10303108	10303108	10303108	10303108	10303108	50000
10303109	1	30505908	1	-1	-1	-1	-1	10303109	10303109	10303109	10303109	10303109	10303109	10303109	10303109	10303109	10303109	10303109	50000
10303110	1	30505908	1	-1	-1	-1	-1	10303110	10303110	10303110	10303110	10303110	10303110	10303110	10303110	10303110	10303110	10303110	50000
10303111	1	30505908	1	-1	-1	-1	-1	10303111	10303111	10303111	10303111	10303111	10303111	10303111	10303111	10303111	10303111	10303111	50000
10303200	1	30505908	5	-1	-1	-1	-1	10303203	10303203	10303203	10303206	10303209	10303203	10303203	10303203	10303203	10303203	10303206	50000
10303201	1	30505908	5	-1	-1	-1	-1	10303204	10303204	10303204	10303207	10303210	10303204	10303204	10303204	10303204	10303204	10303207	50000
10303202	1	30505908	5	-1	-1	-1	-1	10303205	10303205	10303205	10303208	10303211	10303205	10303205	10303205	10303205	10303205	10303208	50000
10303203	1	30505908	1	-1	-1	-1	-1	10303203	10303203	10303203	10303203	10303203	10303203	10303203	10303203	10303203	10303203	10303203	50000
10303204	1	30505908	1	-1	-1	-1	-1	10303204	10303204	10303204	10303204	10303204	10303204	10303204	10303204	10303204	10303204	10303204	50000
10303205	1	30505908	1	-1	-1	-1	-1	10303205	10303205	10303205	10303205	10303205	10303205	10303205	10303205	10303205	10303205	10303205	50000
10303206	1	30505908	1	-1	-1	-1	-1	10303206	10303206	10303206	10303206	10303206	10303206	10303206	10303206	10303206	10303206	10303206	50000
10303207	1	30505908	1	-1	-1	-1	-1	10303207	10303207	10303207	10303207	10303207	10303207	10303207	10303207	10303207	10303207	10303207	50000
10303208	1	30505908	1	-1	-1	-1	-1	10303208	10303208	10303208	10303208	10303208	10303208	10303208	10303208	10303208	10303208	10303208	50000
10303209	1	30505908	1	-1	-1	-1	-1	10303209	10303209	10303209	10303209	10303209	10303209	10303209	10303209	10303209	10303209	10303209	50000
10303210	1	30505908	1	-1	-1	-1	-1	10303210	10303210	10303210	10303210	10303210	10303210	10303210	10303210	10303210	10303210	10303210	50000
10303211	1	30505908	1	-1	-1	-1	-1	10303211	10303211	10303211	10303211	10303211	10303211	10303211	10303211	10303211	10303211	10303211	50000
10304004	1	30505816	5	30505817	5	30505908	5	10304006	10304006	10304006	10304006	10304006	10304006	10304008	10304006	10304006	10304006	10304006	50000
10304005	1	30505817	5	30505908	5	-1	-1	10304007	10304007	10304007	10304007	10304007	10304007	10304009	10304007	10304007	10304007	10304007	50000
10304006	1	30505816	1	30505817	5	30505908	5	10304006	10304006	10304006	10304006	10304006	10304006	10304006	10304006	10304006	10304006	10304006	50000
10304007	1	30505817	1	30505908	5	-1	-1	10304007	10304007	10304007	10304007	10304007	10304007	10304007	10304007	10304007	10304007	10304007	50000
10304008	1	30505816	1	30505817	5	30505908	5	10304008	10304008	10304008	10304008	10304008	10304008	10304008	10304008	10304008	10304008	10304008	50000
10304009	1	30505817	1	30505908	5	-1	-1	10304009	10304009	10304009	10304009	10304009	10304009	10304009	10304009	10304009	10304009	10304009	50000
10304100	1	30505908	5	-1	-1	-1	-1	10304103	10304103	10304103	10304103	10304103	10304103	10304106	10304109	10304103	10304103	10304103	50000
10304101	1	30505908	5	-1	-1	-1	-1	10304104	10304104	10304104	10304104	10304104	10304104	10304107	10304110	10304104	10304104	10304104	50000
10304102	1	30505908	5	-1	-1	-1	-1	10304105	10304105	10304105	10304105	10304105	10304105	10304108	10304111	10304105	10304105	10304105	50000
10304103	1	30505908	1	-1	-1	-1	-1	10304103	10304103	10304103	10304103	10304103	10304103	10304103	10304103	10304103	10304103	10304103	50000
10304104	1	30505908	1	-1	-1	-1	-1	10304104	10304104	10304104	10304104	10304104	10304104	10304104	10304104	10304104	10304104	10304104	50000
10304105	1	30505908	1	-1	-1	-1	-1	10304105	10304105	10304105	10304105	10304105	10304105	10304105	10304105	10304105	10304105	10304105	50000
10304106	1	30505908	1	-1	-1	-1	-1	10304106	10304106	10304106	10304106	10304106	10304106	10304106	10304106	10304106	10304106	10304106	50000
10304107	1	30505908	1	-1	-1	-1	-1	10304107	10304107	10304107	10304107	10304107	10304107	10304107	10304107	10304107	10304107	10304107	50000
10304108	1	30505908	1	-1	-1	-1	-1	10304108	10304108	10304108	10304108	10304108	10304108	10304108	10304108	10304108	10304108	10304108	50000
10304109	1	30505908	1	-1	-1	-1	-1	10304109	10304109	10304109	10304109	10304109	10304109	10304109	10304109	10304109	10304109	10304109	50000
10304110	1	30505908	1	-1	-1	-1	-1	10304110	10304110	10304110	10304110	10304110	10304110	10304110	10304110	10304110	10304110	10304110	50000
10304111	1	30505908	1	-1	-1	-1	-1	10304111	10304111	10304111	10304111	10304111	10304111	10304111	10304111	10304111	10304111	10304111	50000
10305004	1	30505816	5	30505817	5	30505908	5	10305006	10305006	10305006	10305006	10305006	10305006	10305008	10305006	10305006	10305006	10305006	50000
10305005	1	30505817	5	30505908	5	-1	-1	10305007	10305007	10305007	10305007	10305007	10305007	10305009	10305007	10305007	10305007	10305007	50000
10305006	1	30505816	1	30505817	5	30505908	5	10305006	10305006	10305006	10305006	10305006	10305006	10305006	10305006	10305006	10305006	10305006	50000
10305007	1	30505817	1	30505908	5	-1	-1	10305007	10305007	10305007	10305007	10305007	10305007	10305007	10305007	10305007	10305007	10305007	50000
10305008	1	30505816	1	30505817	5	30505908	5	10305008	10305008	10305008	10305008	10305008	10305008	10305008	10305008	10305008	10305008	10305008	50000
10305009	1	30505817	1	30505908	5	-1	-1	10305009	10305009	10305009	10305009	10305009	10305009	10305009	10305009	10305009	10305009	10305009	50000
10305100	1	30505908	5	-1	-1	-1	-1	10305103	10305103	10305103	10305103	10305103	10305103	10305103	10305106	10305109	10305103	10305103	50000
10305101	1	30505908	5	-1	-1	-1	-1	10305104	10305104	10305104	10305104	10305104	10305104	10305104	10305107	10305110	10305104	10305104	50000
10305102	1	30505908	5	-1	-1	-1	-1	10305105	10305105	10305105	10305105	10305105	10305105	10305105	10305108	10305111	10305105	10305105	50000
10305103	1	30505908	1	-1	-1	-1	-1	10305103	10305103	10305103	10305103	10305103	10305103	10305103	10305103	10305103	10305103	10305103	50000
10305104	1	30505908	1	-1	-1	-1	-1	10305104	10305104	10305104	10305104	10305104	10305104	10305104	10305104	10305104	10305104	10305104	50000
10305105	1	30505908	1	-1	-1	-1	-1	10305105	10305105	10305105	10305105	10305105	10305105	10305105	10305105	10305105	10305105	10305105	50000
10305106	1	30505908	1	-1	-1	-1	-1	10305106	10305106	10305106	10305106	10305106	10305106	10305106	10305106	10305106	10305106	10305106	50000
10305107	1	30505908	1	-1	-1	-1	-1	10305107	10305107	10305107	10305107	10305107	10305107	10305107	10305107	10305107	10305107	10305107	50000
10305108	1	30505908	1	-1	-1	-1	-1	10305108	10305108	10305108	10305108	10305108	10305108	10305108	10305108	10305108	10305108	10305108	50000
10305109	1	30505908	1	-1	-1	-1	-1	10305109	10305109	10305109	10305109	10305109	10305109	10305109	10305109	10305109	10305109	10305109	50000
10305110	1	30505908	1	-1	-1	-1	-1	10305110	10305110	10305110	10305110	10305110	10305110	10305110	10305110	10305110	10305110	10305110	50000
10305111	1	30505908	1	-1	-1	-1	-1	10305111	10305111	10305111	10305111	10305111	10305111	10305111	10305111	10305111	10305111	10305111	50000
10305200	1	30505908	5	-1	-1	-1	-1	10305203	10305203	10305203	10305203	10305203	10305203	10305206	10305203	10305209	10305203	10305203	50000
10305201	1	30505908	5	-1	-1	-1	-1	10305204	10305204	10305204	10305204	10305204	10305204	10305207	10305204	10305210	10305204	10305204	50000
10305202	1	30505908	5	-1	-1	-1	-1	10305205	10305205	10305205	10305205	10305205	10305205	10305208	10305205	10305211	10305205	10305205	50000
10305203	1	30505908	1	-1	-1	-1	-1	10305203	10305203	10305203	10305203	10305203	10305203	10305203	10305203	10305203	10305203	10305203	50000
10305204	1	30505908	1	-1	-1	-1	-1	10305204	10305204	10305204	10305204	10305204	10305204	10305204	10305204	10305204	10305204	10305204	50000
10305205	1	30505908	1	-1	-1	-1	-1	10305205	10305205	10305205	10305205	10305205	10305205	10305205	10305205	10305205	10305205	10305205	50000
10305206	1	30505908	1	-1	-1	-1	-1	10305206	10305206	10305206	10305206	10305206	10305206	10305206	10305206	10305206	10305206	10305206	50000
10305207	1	30505908	1	-1	-1	-1	-1	10305207	10305207	10305207	10305207	10305207	10305207	10305207	10305207	10305207	10305207	10305207	50000
10305208	1	30505908	1	-1	-1	-1	-1	10305208	10305208	10305208	10305208	10305208	10305208	10305208	10305208	10305208	10305208	10305208	50000
10305209	1	30505908	1	-1	-1	-1	-1	10305209	10305209	10305209	10305209	10305209	10305209	10305209	10305209	10305209	10305209	10305209	50000
10305210	1	30505908	1	-1	-1	-1	-1	10305210	10305210	10305210	10305210	10305210	10305210	10305210	10305210	10305210	10305210	10305210	50000
10305211	1	30505908	1	-1	-1	-1	-1	10305211	10305211	10305211	10305211	10305211	10305211	10305211	10305211	10305211	10305211	10305211	50000
10300400	1	30505816	5	30505817	5	30505908	5	10300400	10300400	10300400	10300400	10300400	10300400	10300400	10300400	10300400	10300400	10300400	50000
10301400	1	30505816	5	30505817	5	30505908	5	10301400	10301400	10301400	10301400	10301400	10301400	10301400	10301400	10301400	10301400	10301400	50000
10301401	1	30505816	5	30505817	5	30505908	5	10301401	10301401	10301401	10301401	10301401	10301401	10301401	10301401	10301401	10301401	10301401	50000
10302400	1	30505816	5	30505817	5	30505908	5	10302400	10302400	10302400	10302400	10302400	10302400	10302400	10302400	10302400	10302400	10302400	50000
10302401	1	30505816	5	30505817	5	30505908	5	10302401	10302401	10302401	10302401	10302401	10302401	10302401	10302401	10302401	10302401	10302401	50000
10302402	1	30505816	5	30505817	5	30505908	5	10302402	10302402	10302402	10302402	10302402	10302402	10302402	10302402	10302402	10302402	10302402	50000
10303400	1	30505816	5	30505817	5	30505908	5	10303400	10303400	10303400	10303400	10303400	10303400	10303400	10303400	10303400	10303400	10303400	50000
10304400	1	30505816	5	30505817	5	30505908	5	10304400	10304400	10304400	10304400	10304400	10304400	10304400	10304400	10304400	10304400	10304400	50000
10304401	1	30505816	5	30505817	5	30505908	5	10304401	10304401	10304401	10304401	10304401	10304401	10304401	10304401	10304401	10304401	10304401	50000
10305400	1	30505816	5	30505817	5	30505908	5	10305400	10305400	10305400	10305400	10305400	10305400	10305400	10305400	10305400	10305400	10305400	50000
10305401	1	30505816	5	30505817	5	30505908	5	10305401	10305401	10305401	10305401	10305401	10305401	10305401	10305401	10305401	10305401	10305401	50000
10300401	1	30505816	5	30505817	5	30505908	5	10300401	10300401	10300401	10300401	10300401	10300401	10300401	10300401	10300401	10300401	10300401	50000
10301402	1	30505816	5	30505817	5	30505908	5	10301402	10301402	10301402	10301402	10301402	10301402	10301402	10301402	10301402	10301402	10301402	50000
10301403	1	30505816	5	30505817	5	30505908	5	10301403	10301403	10301403	10301403	10301403	10301403	10301403	10301403	10301403	10301403	10301403	50000
10302403	1	30505816	5	30505817	5	30505908	5	10302403	10302403	10302403	10302403	10302403	10302403	10302403	10302403	10302403	10302403	10302403	50000
10302404	1	30505816	5	30505817	5	30505908	5	10302404	10302404	10302404	10302404	10302404	10302404	10302404	10302404	10302404	10302404	10302404	50000
10302405	1	30505816	5	30505817	5	30505908	5	10302405	10302405	10302405	10302405	10302405	10302405	10302405	10302405	10302405	10302405	10302405	50000
10303401	1	30505816	5	30505817	5	30505908	5	10303401	10303401	10303401	10303401	10303401	10303401	10303401	10303401	10303401	10303401	10303401	50000
10304402	1	30505816	5	30505817	5	30505908	5	10304402	10304402	10304402	10304402	10304402	10304402	10304402	10304402	10304402	10304402	10304402	50000
10304403	1	30505816	5	30505817	5	30505908	5	10304403	10304403	10304403	10304403	10304403	10304403	10304403	10304403	10304403	10304403	10304403	50000
10305402	1	30505816	5	30505817	5	30505908	5	10305402	10305402	10305402	10305402	10305402	10305402	10305402	10305402	10305402	10305402	10305402	50000
10305403	1	30505816	5	30505817	5	30505908	5	10305403	10305403	10305403	10305403	10305403	10305403	10305403	10305403	10305403	10305403	10305403	50000
10300402	1	30505817	5	30505908	5	-1	-1	10300402	10300402	10300402	10300402	10300402	10300402	10300402	10300402	10300402	10300402	10300402	50000
10301404	1	30505817	5	30505908	5	-1	-1	10301404	10301404	10301404	10301404	10301404	10301404	10301404	10301404	10301404	10301404	10301404	50000
10301405	1	30505817	5	30505908	5	-1	-1	10301405	10301405	10301405	10301405	10301405	10301405	10301405	10301405	10301405	10301405	10301405	50000
10302406	1	30505817	5	30505908	5	-1	-1	10302406	10302406	10302406	10302406	10302406	10302406	10302406	10302406	10302406	10302406	10302406	50000
10302407	1	30505817	5	30505908	5	-1	-1	10302407	10302407	10302407	10302407	10302407	10302407	10302407	10302407	10302407	10302407	10302407	50000
10302408	1	30505817	5	30505908	5	-1	-1	10302408	10302408	10302408	10302408	10302408	10302408	10302408	10302408	10302408	10302408	10302408	50000
10303402	1	30505817	5	30505908	5	-1	-1	10303402	10303402	10303402	10303402	10303402	10303402	10303402	10303402	10303402	10303402	10303402	50000
10304404	1	30505817	5	30505908	5	-1	-1	10304404	10304404	10304404	10304404	10304404	10304404	10304404	10304404	10304404	10304404	10304404	50000
10304405	1	30505817	5	30505908	5	-1	-1	10304405	10304405	10304405	10304405	10304405	10304405	10304405	10304405	10304405	10304405	10304405	50000
10305404	1	30505817	5	30505908	5	-1	-1	10305404	10305404	10305404	10305404	10305404	10305404	10305404	10305404	10305404	10305404	10305404	50000
10305405	1	30505817	5	30505908	5	-1	-1	10305405	10305405	10305405	10305405	10305405	10305405	10305405	10305405	10305405	10305405	10305405	50000
10300403	1	30505817	5	30505908	5	-1	-1	10300403	10300403	10300403	10300403	10300403	10300403	10300403	10300403	10300403	10300403	10300403	50000
10301406	1	30505817	5	30505908	5	-1	-1	10301406	10301406	10301406	10301406	10301406	10301406	10301406	10301406	10301406	10301406	10301406	50000
10301407	1	30505817	5	30505908	5	-1	-1	10301407	10301407	10301407	10301407	10301407	10301407	10301407	10301407	10301407	10301407	10301407	50000
10302409	1	30505817	5	30505908	5	-1	-1	10302409	10302409	10302409	10302409	10302409	10302409	10302409	10302409	10302409	10302409	10302409	50000
10302410	1	30505817	5	30505908	5	-1	-1	10302410	10302410	10302410	10302410	10302410	10302410	10302410	10302410	10302410	10302410	10302410	50000
10302411	1	30505817	5	30505908	5	-1	-1	10302411	10302411	10302411	10302411	10302411	10302411	10302411	10302411	10302411	10302411	10302411	50000
10303403	1	30505817	5	30505908	5	-1	-1	10303403	10303403	10303403	10303403	10303403	10303403	10303403	10303403	10303403	10303403	10303403	50000
10304406	1	30505817	5	30505908	5	-1	-1	10304406	10304406	10304406	10304406	10304406	10304406	10304406	10304406	10304406	10304406	10304406	50000
10304407	1	30505817	5	30505908	5	-1	-1	10304407	10304407	10304407	10304407	10304407	10304407	10304407	10304407	10304407	10304407	10304407	50000
10305406	1	30505817	5	30505908	5	-1	-1	10305406	10305406	10305406	10305406	10305406	10305406	10305406	10305406	10305406	10305406	10305406	50000
10305407	1	30505817	5	30505908	5	-1	-1	10305407	10305407	10305407	10305407	10305407	10305407	10305407	10305407	10305407	10305407	10305407	50000
10300404	1	30505908	5	-1	-1	-1	-1	10300404	10300404	10300404	10300404	10300404	10300404	10300404	10300404	10300404	10300404	10300404	50000
10300405	1	30505908	5	-1	-1	-1	-1	10300405	10300405	10300405	10300405	10300405	10300405	10300405	10300405	10300405	10300405	10300405	50000
10300406	1	30505908	5	-1	-1	-1	-1	10300406	10300406	10300406	10300406	10300406	10300406	10300406	10300406	10300406	10300406	10300406	50000
10300407	1	30505908	5	-1	-1	-1	-1	10300407	10300407	10300407	10300407	10300407	10300407	10300407	10300407	10300407	10300407	10300407	50000
10300408	1	30505908	5	-1	-1	-1	-1	10300408	10300408	10300408	10300408	10300408	10300408	10300408	10300408	10300408	10300408	10300408	50000
10300409	1	30505908	5	-1	-1	-1	-1	10300409	10300409	10300409	10300409	10300409	10300409	10300409	10300409	10300409	10300409	10300409	50000
10300410	1	30505908	5	-1	-1	-1	-1	10300410	10300410	10300410	10300410	10300410	10300410	10300410	10300410	10300410	10300410	10300410	50000
10300411	1	30505908	5	-1	-1	-1	-1	10300411	10300411	10300411	10300411	10300411	10300411	10300411	10300411	10300411	10300411	10300411	50000
10300412	1	30505908	5	-1	-1	-1	-1	10300412	10300412	10300412	10300412	10300412	10300412	10300412	10300412	10300412	10300412	10300412	50000
10301408	1	30505908	5	-1	-1	-1	-1	10301408	10301408	10301408	10301408	10301408	10301408	10301408	10301408	10301408	10301408	10301408	50000
10301409	1	30505908	5	-1	-1	-1	-1	10301409	10301409	10301409	10301409	10301409	10301409	10301409	10301409	10301409	10301409	10301409	50000
10301410	1	30505908	5	-1	-1	-1	-1	10301410	10301410	10301410	10301410	10301410	10301410	10301410	10301410	10301410	10301410	10301410	50000
10301411	1	30505908	5	-1	-1	-1	-1	10301411	10301411	10301411	10301411	10301411	10301411	10301411	10301411	10301411	10301411	10301411	50000
10301412	1	30505908	5	-1	-1	-1	-1	10301412	10301412	10301412	10301412	10301412	10301412	10301412	10301412	10301412	10301412	10301412	50000
10301413	1	30505908	5	-1	-1	-1	-1	10301413	10301413	10301413	10301413	10301413	10301413	10301413	10301413	10301413	10301413	10301413	50000
10301414	1	30505908	5	-1	-1	-1	-1	10301414	10301414	10301414	10301414	10301414	10301414	10301414	10301414	10301414	10301414	10301414	50000
10301415	1	30505908	5	-1	-1	-1	-1	10301415	10301415	10301415	10301415	10301415	10301415	10301415	10301415	10301415	10301415	10301415	50000
10301416	1	30505908	5	-1	-1	-1	-1	10301416	10301416	10301416	10301416	10301416	10301416	10301416	10301416	10301416	10301416	10301416	50000
10301417	1	30505908	5	-1	-1	-1	-1	10301417	10301417	10301417	10301417	10301417	10301417	10301417	10301417	10301417	10301417	10301417	50000
10301418	1	30505908	5	-1	-1	-1	-1	10301418	10301418	10301418	10301418	10301418	10301418	10301418	10301418	10301418	10301418	10301418	50000
10301419	1	30505908	5	-1	-1	-1	-1	10301419	10301419	10301419	10301419	10301419	10301419	10301419	10301419	10301419	10301419	10301419	50000
10301420	1	30505908	5	-1	-1	-1	-1	10301420	10301420	10301420	10301420	10301420	10301420	10301420	10301420	10301420	10301420	10301420	50000
10301421	1	30505908	5	-1	-1	-1	-1	10301421	10301421	10301421	10301421	10301421	10301421	10301421	10301421	10301421	10301421	10301421	50000
10301422	1	30505908	5	-1	-1	-1	-1	10301422	10301422	10301422	10301422	10301422	10301422	10301422	10301422	10301422	10301422	10301422	50000
10301423	1	30505908	5	-1	-1	-1	-1	10301423	10301423	10301423	10301423	10301423	10301423	10301423	10301423	10301423	10301423	10301423	50000
10301424	1	30505908	5	-1	-1	-1	-1	10301424	10301424	10301424	10301424	10301424	10301424	10301424	10301424	10301424	10301424	10301424	50000
10301425	1	30505908	5	-1	-1	-1	-1	10301425	10301425	10301425	10301425	10301425	10301425	10301425	10301425	10301425	10301425	10301425	50000
10302412	1	30505908	5	-1	-1	-1	-1	10302412	10302412	10302412	10302412	10302412	10302412	10302412	10302412	10302412	10302412	10302412	50000
10302413	1	30505908	5	-1	-1	-1	-1	10302413	10302413	10302413	10302413	10302413	10302413	10302413	10302413	10302413	10302413	10302413	50000
10302414	1	30505908	5	-1	-1	-1	-1	10302414	10302414	10302414	10302414	10302414	10302414	10302414	10302414	10302414	10302414	10302414	50000
10302415	1	30505908	5	-1	-1	-1	-1	10302415	10302415	10302415	10302415	10302415	10302415	10302415	10302415	10302415	10302415	10302415	50000
10302416	1	30505908	5	-1	-1	-1	-1	10302416	10302416	10302416	10302416	10302416	10302416	10302416	10302416	10302416	10302416	10302416	50000
10302417	1	30505908	5	-1	-1	-1	-1	10302417	10302417	10302417	10302417	10302417	10302417	10302417	10302417	10302417	10302417	10302417	50000
10302418	1	30505908	5	-1	-1	-1	-1	10302418	10302418	10302418	10302418	10302418	10302418	10302418	10302418	10302418	10302418	10302418	50000
10302419	1	30505908	5	-1	-1	-1	-1	10302419	10302419	10302419	10302419	10302419	10302419	10302419	10302419	10302419	10302419	10302419	50000
10302420	1	30505908	5	-1	-1	-1	-1	10302420	10302420	10302420	10302420	10302420	10302420	10302420	10302420	10302420	10302420	10302420	50000
10302421	1	30505908	5	-1	-1	-1	-1	10302421	10302421	10302421	10302421	10302421	10302421	10302421	10302421	10302421	10302421	10302421	50000
10302422	1	30505908	5	-1	-1	-1	-1	10302422	10302422	10302422	10302422	10302422	10302422	10302422	10302422	10302422	10302422	10302422	50000
10302423	1	30505908	5	-1	-1	-1	-1	10302423	10302423	10302423	10302423	10302423	10302423	10302423	10302423	10302423	10302423	10302423	50000
10302424	1	30505908	5	-1	-1	-1	-1	10302424	10302424	10302424	10302424	10302424	10302424	10302424	10302424	10302424	10302424	10302424	50000
10302425	1	30505908	5	-1	-1	-1	-1	10302425	10302425	10302425	10302425	10302425	10302425	10302425	10302425	10302425	10302425	10302425	50000
10302426	1	30505908	5	-1	-1	-1	-1	10302426	10302426	10302426	10302426	10302426	10302426	10302426	10302426	10302426	10302426	10302426	50000
10302427	1	30505908	5	-1	-1	-1	-1	10302427	10302427	10302427	10302427	10302427	10302427	10302427	10302427	10302427	10302427	10302427	50000
10302428	1	30505908	5	-1	-1	-1	-1	10302428	10302428	10302428	10302428	10302428	10302428	10302428	10302428	10302428	10302428	10302428	50000
10302429	1	30505908	5	-1	-1	-1	-1	10302429	10302429	10302429	10302429	10302429	10302429	10302429	10302429	10302429	10302429	10302429	50000
10303404	1	30505908	5	-1	-1	-1	-1	10303404	10303404	10303404	10303404	10303404	10303404	10303404	10303404	10303404	10303404	10303404	50000
10303405	1	30505908	5	-1	-1	-1	-1	10303405	10303405	10303405	10303405	10303405	10303405	10303405	10303405	10303405	10303405	10303405	50000
10303406	1	30505908	5	-1	-1	-1	-1	10303406	10303406	10303406	10303406	10303406	10303406	10303406	10303406	10303406	10303406	10303406	50000
10303407	1	30505908	5	-1	-1	-1	-1	10303407	10303407	10303407	10303407	10303407	10303407	10303407	10303407	10303407	10303407	10303407	50000
10303408	1	30505908	5	-1	-1	-1	-1	10303408	10303408	10303408	10303408	10303408	10303408	10303408	10303408	10303408	10303408	10303408	50000
10303409	1	30505908	5	-1	-1	-1	-1	10303409	10303409	10303409	10303409	10303409	10303409	10303409	10303409	10303409	10303409	10303409	50000
10303410	1	30505908	5	-1	-1	-1	-1	10303410	10303410	10303410	10303410	10303410	10303410	10303410	10303410	10303410	10303410	10303410	50000
10303411	1	30505908	5	-1	-1	-1	-1	10303411	10303411	10303411	10303411	10303411	10303411	10303411	10303411	10303411	10303411	10303411	50000
10303412	1	30505908	5	-1	-1	-1	-1	10303412	10303412	10303412	10303412	10303412	10303412	10303412	10303412	10303412	10303412	10303412	50000
10303413	1	30505908	5	-1	-1	-1	-1	10303413	10303413	10303413	10303413	10303413	10303413	10303413	10303413	10303413	10303413	10303413	50000
10303414	1	30505908	5	-1	-1	-1	-1	10303414	10303414	10303414	10303414	10303414	10303414	10303414	10303414	10303414	10303414	10303414	50000
10303415	1	30505908	5	-1	-1	-1	-1	10303415	10303415	10303415	10303415	10303415	10303415	10303415	10303415	10303415	10303415	10303415	50000
10303416	1	30505908	5	-1	-1	-1	-1	10303416	10303416	10303416	10303416	10303416	10303416	10303416	10303416	10303416	10303416	10303416	50000
10303417	1	30505908	5	-1	-1	-1	-1	10303417	10303417	10303417	10303417	10303417	10303417	10303417	10303417	10303417	10303417	10303417	50000
10303418	1	30505908	5	-1	-1	-1	-1	10303418	10303418	10303418	10303418	10303418	10303418	10303418	10303418	10303418	10303418	10303418	50000
10303419	1	30505908	5	-1	-1	-1	-1	10303419	10303419	10303419	10303419	10303419	10303419	10303419	10303419	10303419	10303419	10303419	50000
10303420	1	30505908	5	-1	-1	-1	-1	10303420	10303420	10303420	10303420	10303420	10303420	10303420	10303420	10303420	10303420	10303420	50000
10303421	1	30505908	5	-1	-1	-1	-1	10303421	10303421	10303421	10303421	10303421	10303421	10303421	10303421	10303421	10303421	10303421	50000
10304408	1	30505908	5	-1	-1	-1	-1	10304408	10304408	10304408	10304408	10304408	10304408	10304408	10304408	10304408	10304408	10304408	50000
10304409	1	30505908	5	-1	-1	-1	-1	10304409	10304409	10304409	10304409	10304409	10304409	10304409	10304409	10304409	10304409	10304409	50000
10304410	1	30505908	5	-1	-1	-1	-1	10304410	10304410	10304410	10304410	10304410	10304410	10304410	10304410	10304410	10304410	10304410	50000
10304411	1	30505908	5	-1	-1	-1	-1	10304411	10304411	10304411	10304411	10304411	10304411	10304411	10304411	10304411	10304411	10304411	50000
10304412	1	30505908	5	-1	-1	-1	-1	10304412	10304412	10304412	10304412	10304412	10304412	10304412	10304412	10304412	10304412	10304412	50000
10304413	1	30505908	5	-1	-1	-1	-1	10304413	10304413	10304413	10304413	10304413	10304413	10304413	10304413	10304413	10304413	10304413	50000
10304414	1	30505908	5	-1	-1	-1	-1	10304414	10304414	10304414	10304414	10304414	10304414	10304414	10304414	10304414	10304414	10304414	50000
10304415	1	30505908	5	-1	-1	-1	-1	10304415	10304415	10304415	10304415	10304415	10304415	10304415	10304415	10304415	10304415	10304415	50000
10304416	1	30505908	5	-1	-1	-1	-1	10304416	10304416	10304416	10304416	10304416	10304416	10304416	10304416	10304416	10304416	10304416	50000
10305408	1	30505908	5	-1	-1	-1	-1	10305408	10305408	10305408	10305408	10305408	10305408	10305408	10305408	10305408	10305408	10305408	50000
10305409	1	30505908	5	-1	-1	-1	-1	10305409	10305409	10305409	10305409	10305409	10305409	10305409	10305409	10305409	10305409	10305409	50000
10305410	1	30505908	5	-1	-1	-1	-1	10305410	10305410	10305410	10305410	10305410	10305410	10305410	10305410	10305410	10305410	10305410	50000
10305411	1	30505908	5	-1	-1	-1	-1	10305411	10305411	10305411	10305411	10305411	10305411	10305411	10305411	10305411	10305411	10305411	50000
10305412	1	30505908	5	-1	-1	-1	-1	10305412	10305412	10305412	10305412	10305412	10305412	10305412	10305412	10305412	10305412	10305412	50000
10305413	1	30505908	5	-1	-1	-1	-1	10305413	10305413	10305413	10305413	10305413	10305413	10305413	10305413	10305413	10305413	10305413	50000
10305414	1	30505908	5	-1	-1	-1	-1	10305414	10305414	10305414	10305414	10305414	10305414	10305414	10305414	10305414	10305414	10305414	50000
10305415	1	30505908	5	-1	-1	-1	-1	10305415	10305415	10305415	10305415	10305415	10305415	10305415	10305415	10305415	10305415	10305415	50000
10305416	1	30505908	5	-1	-1	-1	-1	10305416	10305416	10305416	10305416	10305416	10305416	10305416	10305416	10305416	10305416	10305416	50000
10305417	1	30505908	5	-1	-1	-1	-1	10305417	10305417	10305417	10305417	10305417	10305417	10305417	10305417	10305417	10305417	10305417	50000
10305418	1	30505908	5	-1	-1	-1	-1	10305418	10305418	10305418	10305418	10305418	10305418	10305418	10305418	10305418	10305418	10305418	50000
10305419	1	30505908	5	-1	-1	-1	-1	10305419	10305419	10305419	10305419	10305419	10305419	10305419	10305419	10305419	10305419	10305419	50000
10305420	1	30505908	5	-1	-1	-1	-1	10305420	10305420	10305420	10305420	10305420	10305420	10305420	10305420	10305420	10305420	10305420	50000
10305421	1	30505908	5	-1	-1	-1	-1	10305421	10305421	10305421	10305421	10305421	10305421	10305421	10305421	10305421	10305421	10305421	50000
10305422	1	30505908	5	-1	-1	-1	-1	10305422	10305422	10305422	10305422	10305422	10305422	10305422	10305422	10305422	10305422	10305422	50000
10305423	1	30505908	5	-1	-1	-1	-1	10305423	10305423	10305423	10305423	10305423	10305423	10305423	10305423	10305423	10305423	10305423	50000
10305424	1	30505908	5	-1	-1	-1	-1	10305424	10305424	10305424	10305424	10305424	10305424	10305424	10305424	10305424	10305424	10305424	50000
10305425	1	30505908	5	-1	-1	-1	-1	10305425	10305425	10305425	10305425	10305425	10305425	10305425	10305425	10305425	10305425	10305425	50000
10300413	1	30505908	5	-1	-1	-1	-1	10300413	10300413	10300413	10300413	10300413	10300413	10300413	10300413	10300413	10300413	10300413	50000
10300414	1	30505908	5	-1	-1	-1	-1	10300414	10300414	10300414	10300414	10300414	10300414	10300414	10300414	10300414	10300414	10300414	50000
10300415	1	30505908	5	-1	-1	-1	-1	10300415	10300415	10300415	10300415	10300415	10300415	10300415	10300415	10300415	10300415	10300415	50000
10300416	1	30505908	5	-1	-1	-1	-1	10300416	10300416	10300416	10300416	10300416	10300416	10300416	10300416	10300416	10300416	10300416	50000
10300417	1	30505908	5	-1	-1	-1	-1	10300417	10300417	10300417	10300417	10300417	10300417	10300417	10300417	10300417	10300417	10300417	50000
10300418	1	30505908	5	-1	-1	-1	-1	10300418	10300418	10300418	10300418	10300418	10300418	10300418	10300418	10300418	10300418	10300418	50000
10300419	1	30505908	5	-1	-1	-1	-1	10300419	10300419	10300419	10300419	10300419	10300419	10300419	10300419	10300419	10300419	10300419	50000
10300420	1	30505908	5	-1	-1	-1	-1	10300420	10300420	10300420	10300420	10300420	10300420	10300420	10300420	10300420	10300420	10300420	50000
10300421	1	30505908	5	-1	-1	-1	-1	10300421	10300421	10300421	10300421	10300421	10300421	10300421	10300421	10300421	10300421	10300421	50000
10301426	1	30505908	5	-1	-1	-1	-1	10301426	10301426	10301426	10301426	10301426	10301426	10301426	10301426	10301426	10301426	10301426	50000
10301427	1	30505908	5	-1	-1	-1	-1	10301427	10301427	10301427	10301427	10301427	10301427	10301427	10301427	10301427	10301427	10301427	50000
10301428	1	30505908	5	-1	-1	-1	-1	10301428	10301428	10301428	10301428	10301428	10301428	10301428	10301428	10301428	10301428	10301428	50000
10301429	1	30505908	5	-1	-1	-1	-1	10301429	10301429	10301429	10301429	10301429	10301429	10301429	10301429	10301429	10301429	10301429	50000
10301430	1	30505908	5	-1	-1	-1	-1	10301430	10301430	10301430	10301430	10301430	10301430	10301430	10301430	10301430	10301430	10301430	50000
10301431	1	30505908	5	-1	-1	-1	-1	10301431	10301431	10301431	10301431	10301431	10301431	10301431	10301431	10301431	10301431	10301431	50000
10301432	1	30505908	5	-1	-1	-1	-1	10301432	10301432	10301432	10301432	10301432	10301432	10301432	10301432	10301432	10301432	10301432	50000
10301433	1	30505908	5	-1	-1	-1	-1	10301433	10301433	10301433	10301433	10301433	10301433	10301433	10301433	10301433	10301433	10301433	50000
10301434	1	30505908	5	-1	-1	-1	-1	10301434	10301434	10301434	10301434	10301434	10301434	10301434	10301434	10301434	10301434	10301434	50000
10301435	1	30505908	5	-1	-1	-1	-1	10301435	10301435	10301435	10301435	10301435	10301435	10301435	10301435	10301435	10301435	10301435	50000
10301436	1	30505908	5	-1	-1	-1	-1	10301436	10301436	10301436	10301436	10301436	10301436	10301436	10301436	10301436	10301436	10301436	50000
10301437	1	30505908	5	-1	-1	-1	-1	10301437	10301437	10301437	10301437	10301437	10301437	10301437	10301437	10301437	10301437	10301437	50000
10301438	1	30505908	5	-1	-1	-1	-1	10301438	10301438	10301438	10301438	10301438	10301438	10301438	10301438	10301438	10301438	10301438	50000
10301439	1	30505908	5	-1	-1	-1	-1	10301439	10301439	10301439	10301439	10301439	10301439	10301439	10301439	10301439	10301439	10301439	50000
10301440	1	30505908	5	-1	-1	-1	-1	10301440	10301440	10301440	10301440	10301440	10301440	10301440	10301440	10301440	10301440	10301440	50000
10301441	1	30505908	5	-1	-1	-1	-1	10301441	10301441	10301441	10301441	10301441	10301441	10301441	10301441	10301441	10301441	10301441	50000
10301442	1	30505908	5	-1	-1	-1	-1	10301442	10301442	10301442	10301442	10301442	10301442	10301442	10301442	10301442	10301442	10301442	50000
10301443	1	30505908	5	-1	-1	-1	-1	10301443	10301443	10301443	10301443	10301443	10301443	10301443	10301443	10301443	10301443	10301443	50000
10302430	1	30505908	5	-1	-1	-1	-1	10302430	10302430	10302430	10302430	10302430	10302430	10302430	10302430	10302430	10302430	10302430	50000
10302431	1	30505908	5	-1	-1	-1	-1	10302431	10302431	10302431	10302431	10302431	10302431	10302431	10302431	10302431	10302431	10302431	50000
10302432	1	30505908	5	-1	-1	-1	-1	10302432	10302432	10302432	10302432	10302432	10302432	10302432	10302432	10302432	10302432	10302432	50000
10302433	1	30505908	5	-1	-1	-1	-1	10302433	10302433	10302433	10302433	10302433	10302433	10302433	10302433	10302433	10302433	10302433	50000
10302434	1	30505908	5	-1	-1	-1	-1	10302434	10302434	10302434	10302434	10302434	10302434	10302434	10302434	10302434	10302434	10302434	50000
10302435	1	30505908	5	-1	-1	-1	-1	10302435	10302435	10302435	10302435	10302435	10302435	10302435	10302435	10302435	10302435	10302435	50000
10302436	1	30505908	5	-1	-1	-1	-1	10302436	10302436	10302436	10302436	10302436	10302436	10302436	10302436	10302436	10302436	10302436	50000
10302437	1	30505908	5	-1	-1	-1	-1	10302437	10302437	10302437	10302437	10302437	10302437	10302437	10302437	10302437	10302437	10302437	50000
10302438	1	30505908	5	-1	-1	-1	-1	10302438	10302438	10302438	10302438	10302438	10302438	10302438	10302438	10302438	10302438	10302438	50000
10302439	1	30505908	5	-1	-1	-1	-1	10302439	10302439	10302439	10302439	10302439	10302439	10302439	10302439	10302439	10302439	10302439	50000
10302440	1	30505908	5	-1	-1	-1	-1	10302440	10302440	10302440	10302440	10302440	10302440	10302440	10302440	10302440	10302440	10302440	50000
10302441	1	30505908	5	-1	-1	-1	-1	10302441	10302441	10302441	10302441	10302441	10302441	10302441	10302441	10302441	10302441	10302441	50000
10302442	1	30505908	5	-1	-1	-1	-1	10302442	10302442	10302442	10302442	10302442	10302442	10302442	10302442	10302442	10302442	10302442	50000
10302443	1	30505908	5	-1	-1	-1	-1	10302443	10302443	10302443	10302443	10302443	10302443	10302443	10302443	10302443	10302443	10302443	50000
10302444	1	30505908	5	-1	-1	-1	-1	10302444	10302444	10302444	10302444	10302444	10302444	10302444	10302444	10302444	10302444	10302444	50000
10302445	1	30505908	5	-1	-1	-1	-1	10302445	10302445	10302445	10302445	10302445	10302445	10302445	10302445	10302445	10302445	10302445	50000
10302446	1	30505908	5	-1	-1	-1	-1	10302446	10302446	10302446	10302446	10302446	10302446	10302446	10302446	10302446	10302446	10302446	50000
10302447	1	30505908	5	-1	-1	-1	-1	10302447	10302447	10302447	10302447	10302447	10302447	10302447	10302447	10302447	10302447	10302447	50000
10303422	1	30505908	5	-1	-1	-1	-1	10303422	10303422	10303422	10303422	10303422	10303422	10303422	10303422	10303422	10303422	10303422	50000
10303423	1	30505908	5	-1	-1	-1	-1	10303423	10303423	10303423	10303423	10303423	10303423	10303423	10303423	10303423	10303423	10303423	50000
10303424	1	30505908	5	-1	-1	-1	-1	10303424	10303424	10303424	10303424	10303424	10303424	10303424	10303424	10303424	10303424	10303424	50000
10303425	1	30505908	5	-1	-1	-1	-1	10303425	10303425	10303425	10303425	10303425	10303425	10303425	10303425	10303425	10303425	10303425	50000
10303426	1	30505908	5	-1	-1	-1	-1	10303426	10303426	10303426	10303426	10303426	10303426	10303426	10303426	10303426	10303426	10303426	50000
10303427	1	30505908	5	-1	-1	-1	-1	10303427	10303427	10303427	10303427	10303427	10303427	10303427	10303427	10303427	10303427	10303427	50000
10303428	1	30505908	5	-1	-1	-1	-1	10303428	10303428	10303428	10303428	10303428	10303428	10303428	10303428	10303428	10303428	10303428	50000
10303429	1	30505908	5	-1	-1	-1	-1	10303429	10303429	10303429	10303429	10303429	10303429	10303429	10303429	10303429	10303429	10303429	50000
10303430	1	30505908	5	-1	-1	-1	-1	10303430	10303430	10303430	10303430	10303430	10303430	10303430	10303430	10303430	10303430	10303430	50000
10303431	1	30505908	5	-1	-1	-1	-1	10303431	10303431	10303431	10303431	10303431	10303431	10303431	10303431	10303431	10303431	10303431	50000
10303432	1	30505908	5	-1	-1	-1	-1	10303432	10303432	10303432	10303432	10303432	10303432	10303432	10303432	10303432	10303432	10303432	50000
10303433	1	30505908	5	-1	-1	-1	-1	10303433	10303433	10303433	10303433	10303433	10303433	10303433	10303433	10303433	10303433	10303433	50000
10303434	1	30505908	5	-1	-1	-1	-1	10303434	10303434	10303434	10303434	10303434	10303434	10303434	10303434	10303434	10303434	10303434	50000
10303435	1	30505908	5	-1	-1	-1	-1	10303435	10303435	10303435	10303435	10303435	10303435	10303435	10303435	10303435	10303435	10303435	50000
10303436	1	30505908	5	-1	-1	-1	-1	10303436	10303436	10303436	10303436	10303436	10303436	10303436	10303436	10303436	10303436	10303436	50000
10303437	1	30505908	5	-1	-1	-1	-1	10303437	10303437	10303437	10303437	10303437	10303437	10303437	10303437	10303437	10303437	10303437	50000
10303438	1	30505908	5	-1	-1	-1	-1	10303438	10303438	10303438	10303438	10303438	10303438	10303438	10303438	10303438	10303438	10303438	50000
10303439	1	30505908	5	-1	-1	-1	-1	10303439	10303439	10303439	10303439	10303439	10303439	10303439	10303439	10303439	10303439	10303439	50000
10304417	1	30505908	5	-1	-1	-1	-1	10304417	10304417	10304417	10304417	10304417	10304417	10304417	10304417	10304417	10304417	10304417	50000
10304418	1	30505908	5	-1	-1	-1	-1	10304418	10304418	10304418	10304418	10304418	10304418	10304418	10304418	10304418	10304418	10304418	50000
10304419	1	30505908	5	-1	-1	-1	-1	10304419	10304419	10304419	10304419	10304419	10304419	10304419	10304419	10304419	10304419	10304419	50000
10304420	1	30505908	5	-1	-1	-1	-1	10304420	10304420	10304420	10304420	10304420	10304420	10304420	10304420	10304420	10304420	10304420	50000
10304421	1	30505908	5	-1	-1	-1	-1	10304421	10304421	10304421	10304421	10304421	10304421	10304421	10304421	10304421	10304421	10304421	50000
10304422	1	30505908	5	-1	-1	-1	-1	10304422	10304422	10304422	10304422	10304422	10304422	10304422	10304422	10304422	10304422	10304422	50000
10304423	1	30505908	5	-1	-1	-1	-1	10304423	10304423	10304423	10304423	10304423	10304423	10304423	10304423	10304423	10304423	10304423	50000
10304424	1	30505908	5	-1	-1	-1	-1	10304424	10304424	10304424	10304424	10304424	10304424	10304424	10304424	10304424	10304424	10304424	50000
10304425	1	30505908	5	-1	-1	-1	-1	10304425	10304425	10304425	10304425	10304425	10304425	10304425	10304425	10304425	10304425	10304425	50000
10305426	1	30505908	5	-1	-1	-1	-1	10305426	10305426	10305426	10305426	10305426	10305426	10305426	10305426	10305426	10305426	10305426	50000
10305427	1	30505908	5	-1	-1	-1	-1	10305427	10305427	10305427	10305427	10305427	10305427	10305427	10305427	10305427	10305427	10305427	50000
10305428	1	30505908	5	-1	-1	-1	-1	10305428	10305428	10305428	10305428	10305428	10305428	10305428	10305428	10305428	10305428	10305428	50000
10305429	1	30505908	5	-1	-1	-1	-1	10305429	10305429	10305429	10305429	10305429	10305429	10305429	10305429	10305429	10305429	10305429	50000
10305430	1	30505908	5	-1	-1	-1	-1	10305430	10305430	10305430	10305430	10305430	10305430	10305430	10305430	10305430	10305430	10305430	50000
10305431	1	30505908	5	-1	-1	-1	-1	10305431	10305431	10305431	10305431	10305431	10305431	10305431	10305431	10305431	10305431	10305431	50000
10305432	1	30505908	5	-1	-1	-1	-1	10305432	10305432	10305432	10305432	10305432	10305432	10305432	10305432	10305432	10305432	10305432	50000
10305433	1	30505908	5	-1	-1	-1	-1	10305433	10305433	10305433	10305433	10305433	10305433	10305433	10305433	10305433	10305433	10305433	50000
10305434	1	30505908	5	-1	-1	-1	-1	10305434	10305434	10305434	10305434	10305434	10305434	10305434	10305434	10305434	10305434	10305434	50000
10305435	1	30505908	5	-1	-1	-1	-1	10305435	10305435	10305435	10305435	10305435	10305435	10305435	10305435	10305435	10305435	10305435	50000
10305436	1	30505908	5	-1	-1	-1	-1	10305436	10305436	10305436	10305436	10305436	10305436	10305436	10305436	10305436	10305436	10305436	50000
10305437	1	30505908	5	-1	-1	-1	-1	10305437	10305437	10305437	10305437	10305437	10305437	10305437	10305437	10305437	10305437	10305437	50000
10305438	1	30505908	5	-1	-1	-1	-1	10305438	10305438	10305438	10305438	10305438	10305438	10305438	10305438	10305438	10305438	10305438	50000
10305439	1	30505908	5	-1	-1	-1	-1	10305439	10305439	10305439	10305439	10305439	10305439	10305439	10305439	10305439	10305439	10305439	50000
10305440	1	30505908	5	-1	-1	-1	-1	10305440	10305440	10305440	10305440	10305440	10305440	10305440	10305440	10305440	10305440	10305440	50000
10305441	1	30505908	5	-1	-1	-1	-1	10305441	10305441	10305441	10305441	10305441	10305441	10305441	10305441	10305441	10305441	10305441	50000
10305442	1	30505908	5	-1	-1	-1	-1	10305442	10305442	10305442	10305442	10305442	10305442	10305442	10305442	10305442	10305442	10305442	50000
10305443	1	30505908	5	-1	-1	-1	-1	10305443	10305443	10305443	10305443	10305443	10305443	10305443	10305443	10305443	10305443	10305443	50000
